0 162 164
162 163 164
163 44 164
166 44 163
170 44 166
0 222 162
392 0 164
44 170 391
0 392 419
0 419 222
162 42 163
165 166 163
169 170 166
222 223 162
223 42 162
225 42 223
167 42 225
390 44 391
392 164 390
170 385 391
385 102 391
392 418 419
418 111 419
421 111 418
424 111 421
419 514 222
514 60 222
516 60 514
226 60 516
42 165 163
42 167 165
43 169 166
169 43 174
222 60 223
224 225 223
60 226 224
228 167 225
102 385 383
390 391 389
104 392 390
170 14 385
392 104 418
420 421 418
423 424 421
419 111 514
515 516 514
111 424 515
518 226 516
165 43 166
168 43 165
172 43 168
174 43 172
177 169 174
60 224 223
226 227 224
227 61 224
228 12 167
230 61 227
232 61 230
235 12 228
178 12 235
102 383 382
385 386 383
386 103 383
104 390 389
164 44 390
393 103 386
395 103 393
387 103 395
104 420 418
104 388 420
110 423 421
423 110 428
111 515 514
424 517 515
517 134 515
518 18 226
520 134 517
522 134 520
525 18 518
236 18 525
167 168 165
169 14 170
171 172 168
173 174 172
46 177 174
12 178 171
177 46 188
224 61 225
61 228 225
229 230 227
231 232 230
235 228 232
18 236 229
178 235 246
381 102 382
383 384 382
384 101 382
103 387 384
380 101 384
388 104 389
391 102 389
191 393 386
394 395 393
340 387 395
420 110 421
422 110 420
426 110 422
428 110 426
431 423 428
515 134 516
134 518 516
519 520 517
521 522 520
525 518 522
236 525 534
167 12 168
171 45 172
173 46 174
176 46 173
178 179 171
179 45 171
181 45 179
175 45 181
186 46 176
188 46 186
191 177 188
226 18 227
229 62 230
231 63 232
234 63 231
228 61 232
237 62 229
239 62 237
233 62 239
244 63 234
246 63 244
47 178 246
101 380 377
381 382 379
383 103 384
387 380 384
388 389 381
14 191 386
50 394 393
50 190 394
92 340 395
388 422 420
423 32 424
425 426 422
427 428 426
113 431 428
431 113 440
424 32 517
519 135 520
521 136 522
524 136 521
518 134 522
526 135 519
528 135 526
523 135 528
532 136 524
534 136 532
64 236 534
12 171 168
45 175 173
177 14 169
180 181 179
184 175 181
185 186 176
187 188 186
190 50 187
191 14 177
18 229 227
62 233 231
63 235 232
236 64 237
238 239 237
242 233 239
243 244 234
245 246 244
235 63 246
340 92 341
92 342 341
92 344 342
376 101 377
379 101 376
29 381 379
385 14 386
29 388 381
191 50 393
190 344 394
344 92 394
388 29 422
425 112 426
427 113 428
430 113 427
432 112 425
434 112 432
429 112 434
438 113 430
440 113 438
443 431 440
32 519 517
135 523 521
136 525 522
443 526 519
527 528 526
530 523 528
531 532 524
533 534 532
525 136 534
45 173 172
178 47 179
180 48 181
183 48 180
184 13 175
185 49 186
187 50 188
189 190 187
50 191 188
62 231 230
236 237 229
238 65 239
241 65 238
242 19 233
243 66 244
245 47 246
182 47 245
340 341 333
342 343 341
343 90 341
337 90 343
376 377 375
378 379 376
380 330 377
330 88 377
387 26 380
394 92 395
340 26 387
49 185 412
13 184 408
48 183 414
29 425 422
112 429 427
431 32 423
378 432 425
433 434 432
436 429 434
437 438 430
439 440 438
116 443 440
135 521 520
32 443 519
116 527 526
116 442 527
137 530 528
37 531 524
138 533 532
138 535 533
66 243 552
19 242 548
65 241 554
530 137 604
535 138 621
531 37 613
175 176 173
47 180 179
182 183 180
48 184 181
49 187 186
189 8 190
233 234 231
64 238 237
240 241 238
65 242 239
66 245 244
247 182 245
88 330 328
90 337 335
26 340 333
342 93 343
345 93 342
346 337 343
93 345 365
100 376 375
100 378 376
380 26 330
389 102 381
407 13 408
411 49 412
367 8 189
185 407 412
407 107 412
184 48 413
48 414 413
183 416 414
416 109 414
112 427 426
29 378 425
100 433 432
100 374 433
114 436 434
31 437 430
115 439 438
115 441 439
442 116 439
109 416 459
441 115 486
437 31 481
436 114 489
114 490 489
114 435 490
523 524 521
443 116 526
442 529 527
529 137 527
531 138 532
535 240 533
240 64 533
547 19 548
551 66 552
247 66 551
243 19 547
242 553 548
553 142 548
555 142 553
549 142 555
602 137 529
604 137 602
606 530 604
613 37 606
621 138 622
623 535 621
138 531 622
175 13 176
182 2 183
49 189 187
233 19 234
240 9 241
66 247 245
88 328 327
330 331 328
331 89 328
26 333 331
334 89 331
336 89 334
332 89 336
344 345 342
93 346 343
346 93 364
93 365 364
345 367 365
367 98 365
374 100 375
377 88 375
382 101 379
107 407 405
411 412 410
98 367 411
189 49 411
184 413 408
414 415 413
415 108 413
409 108 415
429 31 430
433 114 434
435 114 433
437 115 438
441 442 439
443 32 431
109 459 458
416 461 459
461 121 459
481 31 482
486 115 487
488 441 486
115 437 487
31 436 482
490 491 489
491 127 489
483 127 491
523 37 524
442 5 529
533 64 534
547 548 545
142 549 546
551 552 550
121 461 551
243 547 552
242 65 553
554 555 553
241 556 554
556 143 554
557 549 555
5 576 529
603 604 602
154 606 604
613 606 610
621 622 620
158 623 621
531 613 622
623 158 624
158 625 624
158 619 625
47 182 180
64 240 238
247 2 182
326 88 327
328 329 327
329 79 327
89 332 329
294 79 329
90 335 334
337 338 335
338 91 335
339 332 336
341 90 333
346 27 337
348 91 338
350 91 348
339 91 350
27 346 357
365 366 364
366 96 364
361 96 366
374 375 326
378 29 379
107 405 404
407 408 405
108 409 406
98 411 410
367 189 411
413 108 408
183 2 416
417 409 415
429 430 427
374 435 433
436 31 429
441 5 442
417 109 458
459 460 458
460 119 458
455 119 460
481 482 479
127 483 480
486 487 485
128 488 486
437 481 487
436 489 482
490 78 491
292 78 490
288 483 491
527 137 528
535 9 240
545 142 546
141 547 545
549 541 546
541 139 546
121 551 550
461 247 551
547 141 552
554 143 555
143 557 555
576 5 488
576 602 529
148 603 602
148 572 603
606 37 530
156 613 610
619 158 620
158 621 620
623 9 535
9 623 556
624 143 556
626 143 624
557 143 626
13 185 176
19 243 234
78 292 290
79 294 291
326 327 293
328 89 329
332 294 329
333 334 331
335 336 334
337 27 338
339 23 332
27 347 338
349 350 348
295 339 350
347 27 355
27 357 355
96 361 359
346 364 357
365 98 366
98 368 366
4 374 326
190 8 344
403 107 404
405 406 404
406 105 404
409 401 406
401 105 406
368 98 410
412 107 410
414 109 415
417 30 409
374 4 435
119 455 453
30 417 451
458 119 451
416 2 461
462 455 460
479 127 480
126 481 479
483 476 480
476 125 480
128 486 485
488 5 441
489 127 482
435 4 292
288 22 483
530 37 523
139 541 539
141 545 544
546 139 544
549 38 541
462 121 550
552 141 550
65 554 553
557 38 549
572 148 573
148 574 573
148 576 574
488 128 574
576 148 602
572 605 603
605 154 603
608 154 605
609 156 610
612 156 609
619 620 612
622 156 620
623 624 556
619 627 625
627 159 625
628 557 626
630 159 627
632 159 630
628 159 632
22 288 281
78 290 289
290 79 291
292 293 290
293 79 290
4 326 293
330 26 331
333 90 334
91 339 336
347 348 338
94 349 348
94 351 349
80 295 350
351 94 352
94 353 352
94 347 353
357 358 355
358 95 355
360 95 358
356 95 360
345 8 367
375 88 326
105 401 399
403 404 400
405 108 406
409 30 401
368 410 403
185 13 407
378 100 432
30 451 448
451 119 452
119 453 452
455 456 453
456 120 453
417 458 451
121 462 460
464 120 456
466 120 464
457 120 466
125 476 473
126 479 478
480 125 478
483 22 476
484 128 485
487 126 485
435 292 490
538 139 539
540 139 538
541 38 542
543 141 544
545 546 544
462 550 543
461 2 247
572 573 565
574 575 573
575 146 573
128 484 575
569 146 575
603 154 604
607 608 605
609 610 608
611 612 609
606 154 610
41 619 612
613 156 622
625 159 626
159 628 626
629 630 627
631 632 630
635 628 632
542 38 635
22 281 279
288 289 281
289 76 281
291 76 289
294 285 291
285 76 291
295 80 296
80 297 296
80 299 297
327 79 293
335 91 336
347 94 348
351 299 349
299 80 349
351 352 317
353 354 352
354 85 352
355 95 353
318 85 354
96 359 358
361 362 359
362 97 359
363 356 360
364 96 357
370 97 362
372 97 370
363 97 372
398 105 399
400 105 398
401 30 402
28 403 400
408 108 405
410 107 403
439 116 440
402 30 448
451 452 448
453 454 452
454 117 452
120 457 454
449 117 454
462 33 455
463 464 456
465 466 464
469 457 466
472 125 473
475 125 472
476 22 278
477 126 478
479 480 478
484 485 477
481 126 487
538 539 536
463 540 538
541 542 539
543 544 540
548 142 545
550 141 543
146 569 567
39 572 565
574 128 575
484 569 575
572 39 605
607 155 608
610 154 608
611 41 612
614 155 607
616 155 614
618 41 611
620 156 612
619 41 627
41 629 627
160 631 630
160 633 631
161 635 632
41 618 629
633 160 638
542 635 641
278 22 279
281 282 279
282 75 279
284 75 282
280 75 284
290 291 289
294 23 285
295 296 286
297 298 296
298 77 296
287 77 298
85 318 316
332 23 294
349 80 350
295 23 339
352 85 317
347 355 353
356 318 354
357 96 358
359 97 360
97 363 360
368 361 366
369 370 362
371 372 370
319 363 372
398 399 396
369 400 398
401 402 399
404 105 400
109 417 415
402 448 446
117 449 447
452 117 448
455 33 456
459 121 460
463 122 464
465 123 466
468 123 465
469 34 457
472 473 471
474 475 472
476 278 473
477 478 475
482 127 479
485 126 477
34 469 504
123 468 510
122 538 536
122 463 538
542 140 539
544 139 540
241 9 556
39 565 563
146 567 566
569 570 567
570 147 567
573 146 565
484 35 569
577 147 570
579 147 577
571 147 579
39 607 605
155 611 609
562 614 607
615 616 614
618 611 616
625 626 624
629 160 630
633 634 631
634 161 631
618 636 629
636 160 629
638 160 636
586 633 638
639 161 634
641 161 639
140 542 641
278 279 276
75 280 277
281 76 282
283 284 282
76 285 283
285 23 286
77 287 284
288 78 289
23 295 286
297 56 298
212 56 297
208 287 298
315 85 316
317 85 315
344 8 345
10 351 317
95 356 354
359 360 358
363 24 356
28 369 362
99 371 370
99 373 371
86 319 372
373 99 396
99 398 396
99 369 398
402 106 399
446 117 447
106 402 446
449 450 447
450 118 447
457 449 454
33 463 456
467 468 465
123 469 466
124 472 471
124 474 472
278 74 473
478 125 475
78 288 491
503 34 504
118 450 508
450 34 503
469 509 504
509 132 504
511 132 509
505 132 511
467 122 536
539 140 536
33 543 540
562 39 563
565 566 563
566 145 563
567 147 568
569 35 570
576 488 574
474 577 570
578 579 577
254 571 579
155 609 608
562 144 614
615 157 616
617 157 615
611 155 616
631 161 632
635 38 628
637 638 636
157 617 637
150 586 638
601 639 634
640 641 639
635 161 641
56 212 210
276 75 277
74 278 276
280 197 277
197 51 277
283 77 284
286 77 283
292 4 293
299 212 297
56 208 298
315 316 314
213 317 315
318 311 316
311 83 316
319 86 320
86 321 320
86 323 321
351 10 299
356 24 318
368 28 361
371 86 372
323 86 371
373 396 397
399 106 396
28 368 403
106 446 444
447 118 444
449 34 450
457 34 449
122 467 465
470 124 471
473 74 471
35 477 475
503 504 501
132 505 502
507 118 508
445 118 507
469 123 509
510 511 509
468 512 510
512 133 510
513 505 511
467 536 537
463 33 540
144 562 560
563 145 560
565 146 566
568 145 566
564 145 568
474 124 577
578 68 579
249 68 578
254 21 571
586 150 583
133 512 598
39 562 607
558 617 615
157 618 616
633 40 634
157 637 636
617 581 637
581 150 637
40 601 634
153 640 639
153 600 640
51 197 195
208 56 209
56 210 209
212 213 210
213 57 210
248 68 249
251 68 248
253 21 254
261 21 253
273 21 261
74 276 275
277 51 275
280 15 197
285 286 283
287 15 280
299 10 212
83 311 309
57 315 314
57 213 315
318 24 311
319 320 312
321 322 320
322 84 320
313 84 322
361 28 362
373 323 371
319 24 363
396 106 397
397 106 444
446 447 444
453 120 454
467 7 468
470 471 274
474 35 475
501 132 502
131 503 501
505 497 502
497 129 502
507 508 506
324 445 507
450 503 508
123 510 509
468 7 512
513 36 505
536 140 537
144 560 559
560 145 561
562 563 560
564 21 273
567 568 566
571 564 568
35 474 570
124 470 578
68 254 579
580 150 581
583 150 580
585 586 583
36 513 592
133 598 597
512 600 598
600 153 598
601 40 593
144 615 614
558 11 617
618 157 636
617 11 581
601 153 639
600 537 640
537 140 640
51 195 193
197 198 195
198 52 195
202 52 198
204 52 202
199 52 204
208 209 201
210 211 209
211 54 209
205 54 211
194 248 249
250 251 248
253 254 251
261 253 258
273 261 270
274 74 275
276 277 275
76 283 282
296 77 286
83 309 308
311 312 309
312 84 309
214 57 314
316 83 314
24 319 312
321 87 322
324 87 321
325 313 322
353 95 354
373 6 323
369 28 400
397 444 445
448 117 446
1 470 274
35 484 477
129 497 495
131 501 500
502 129 500
505 36 497
87 507 506
87 324 507
503 131 508
133 513 511
33 462 543
558 144 559
560 561 559
145 564 561
147 571 568
124 578 577
470 1 249
271 580 581
582 583 580
149 585 583
591 36 592
593 40 585
498 36 591
513 597 592
597 152 592
598 153 599
512 7 600
601 593 599
144 558 615
637 150 638
640 140 641
192 51 193
195 196 193
196 53 193
52 199 196
200 53 196
201 202 198
203 204 202
54 205 203
207 199 204
15 208 201
210 57 211
57 214 211
1 194 249
53 250 248
53 200 250
67 253 251
70 261 258
73 273 270
1 274 192
275 51 192
287 280 284
307 83 308
309 310 308
310 81 308
84 313 310
305 81 310
214 314 307
213 10 317
323 324 321
87 325 322
369 99 370
6 397 445
122 465 464
494 129 495
496 129 494
497 36 498
499 131 500
501 502 500
325 87 506
508 131 506
510 133 511
11 558 272
561 73 559
273 73 561
470 249 578
271 72 580
582 149 583
584 149 582
588 149 584
590 149 588
591 592 589
593 585 590
498 591 596
513 133 597
599 152 597
593 152 599
586 40 633
1 192 194
193 53 194
197 15 198
15 201 198
54 203 202
205 206 203
206 55 203
207 17 199
212 10 213
216 55 206
218 55 216
221 17 207
194 53 248
200 252 250
252 67 250
256 67 252
257 70 258
260 70 257
17 221 255
268 70 260
269 73 270
72 271 269
271 11 272
261 70 270
279 75 276
81 305 303
307 308 304
309 84 310
313 305 310
16 214 307
320 84 312
325 25 313
444 118 445
494 495 492
306 496 494
497 498 495
499 500 496
504 132 501
325 506 499
324 6 445
558 559 272
564 273 561
11 271 581
267 584 582
585 40 586
587 588 584
589 590 588
151 591 589
152 593 590
130 498 596
598 599 597
628 38 557
192 193 194
199 200 196
201 54 202
205 16 206
209 54 201
214 16 205
215 216 206
217 218 216
221 207 218
250 67 251
254 68 251
255 256 252
257 258 256
259 260 257
253 67 258
267 268 260
72 269 268
270 70 268
272 73 269
208 15 287
302 81 303
304 81 302
16 307 304
311 24 312
314 83 307
6 373 397
82 494 492
82 306 494
498 130 495
500 129 496
506 131 499
559 73 272
72 582 580
267 20 584
587 151 588
589 152 590
585 149 590
594 151 587
595 130 596
493 130 595
153 601 599
195 52 196
203 55 204
214 205 211
215 58 216
217 59 218
220 59 217
207 55 218
17 255 252
69 257 256
69 259 257
221 262 255
262 69 255
264 69 262
259 69 264
267 72 268
271 272 269
302 303 300
58 215 302
215 16 304
306 82 303
313 25 305
471 74 274
301 82 492
495 130 492
25 499 496
7 467 537
72 267 582
151 589 588
266 594 587
595 596 594
265 493 595
591 151 596
199 17 200
16 215 206
219 220 217
59 221 218
255 69 256
259 20 260
263 264 262
59 220 263
266 259 264
20 267 260
274 275 192
300 82 301
303 82 300
305 306 303
308 81 304
301 492 493
306 25 496
571 21 564
592 152 589
266 71 594
596 151 594
265 3 493
55 207 204
58 219 217
200 17 252
221 59 262
263 71 264
220 3 265
71 266 264
269 270 268
219 300 301
58 302 300
305 25 306
3 301 493
25 325 499
20 266 587
71 265 595
58 217 216
258 67 256
220 265 263
266 20 259
219 58 300
323 6 324
20 587 584
600 7 537
219 3 220
265 71 263
215 304 302
71 595 594
59 263 262
492 130 493
3 219 301
