20 484 482
482 484 483
482 483 122
483 484 124
122 483 485
485 483 486
485 486 123
486 483 124
122 485 487
487 485 488
487 488 32
488 485 123
123 486 489
489 486 490
489 490 34
490 486 124
32 488 491
491 488 492
491 492 125
492 488 123
125 492 493
493 492 494
493 494 126
494 492 123
125 493 495
495 493 496
495 496 33
496 493 126
126 494 497
497 494 489
497 489 34
489 494 123
32 491 498
498 491 499
498 499 127
499 491 125
127 499 500
500 499 501
500 501 128
501 499 125
127 500 502
502 500 503
502 503 0
503 500 128
128 501 504
504 501 495
504 495 33
495 501 125
33 496 505
505 496 506
505 506 129
506 496 126
129 506 507
507 506 508
507 508 130
508 506 126
129 507 509
509 507 510
509 510 16
510 507 130
130 508 511
511 508 497
511 497 34
497 508 126
20 482 513
482 512 513
482 122 512
512 132 513
122 514 512
514 515 512
514 131 515
515 132 512
122 487 514
487 516 514
487 32 516
516 131 514
131 517 515
517 518 515
517 36 518
518 132 515
32 519 516
519 520 516
519 133 520
520 131 516
133 521 520
521 522 520
521 134 522
522 131 520
133 523 521
523 524 521
523 35 524
524 134 521
134 525 522
525 517 522
525 36 517
517 131 522
32 498 519
498 526 519
498 127 526
526 133 519
127 527 526
527 528 526
527 135 528
528 133 526
127 502 527
502 529 527
502 0 529
529 135 527
135 530 528
530 523 528
530 35 523
523 133 528
35 531 524
531 532 524
531 136 532
532 134 524
136 533 532
533 534 532
533 137 534
534 134 532
136 535 533
535 536 533
535 12 536
536 137 533
137 537 534
537 525 534
537 36 525
525 134 534
20 513 538
538 513 539
538 539 138
539 513 132
138 539 540
540 539 541
540 541 139
541 539 132
138 540 542
542 540 543
542 543 37
543 540 139
139 541 544
544 541 518
544 518 36
518 541 132
37 543 545
545 543 546
545 546 140
546 543 139
140 546 547
547 546 548
547 548 141
548 546 139
140 547 549
549 547 550
549 550 38
550 547 141
141 548 551
551 548 544
551 544 36
544 548 139
37 545 552
552 545 553
552 553 142
553 545 140
142 553 554
554 553 555
554 555 143
555 553 140
142 554 556
556 554 557
556 557 1
557 554 143
143 555 558
558 555 549
558 549 38
549 555 140
38 550 559
559 550 560
559 560 144
560 550 141
144 560 561
561 560 562
561 562 137
562 560 141
144 561 563
563 561 536
563 536 12
536 561 137
137 562 537
537 562 551
537 551 36
551 562 141
20 538 565
538 564 565
538 138 564
564 146 565
138 566 564
566 567 564
566 145 567
567 146 564
138 542 566
542 568 566
542 37 568
568 145 566
145 569 567
569 570 567
569 40 570
570 146 567
37 571 568
571 572 568
571 147 572
572 145 568
147 573 572
573 574 572
573 148 574
574 145 572
147 575 573
575 576 573
575 39 576
576 148 573
148 577 574
577 569 574
577 40 569
569 145 574
37 552 571
552 578 571
552 142 578
578 147 571
142 579 578
579 580 578
579 149 580
580 147 578
142 556 579
556 581 579
556 1 581
581 149 579
149 582 580
582 575 580
582 39 575
575 147 580
39 583 576
583 584 576
583 150 584
584 148 576
150 585 584
585 586 584
585 151 586
586 148 584
150 587 585
587 588 585
587 17 588
588 151 585
151 589 586
589 577 586
589 40 577
577 148 586
20 565 484
565 590 484
565 146 590
590 124 484
146 591 590
591 592 590
591 152 592
592 124 590
146 570 591
570 593 591
570 40 593
593 152 591
152 594 592
594 490 592
594 34 490
490 124 592
40 595 593
595 596 593
595 153 596
596 152 593
153 597 596
597 598 596
597 154 598
598 152 596
153 599 597
599 600 597
599 41 600
600 154 597
154 601 598
601 594 598
601 34 594
594 152 598
40 589 595
589 602 595
589 151 602
602 153 595
151 603 602
603 604 602
603 155 604
604 153 602
151 588 603
588 605 603
588 17 605
605 155 603
155 606 604
606 599 604
606 41 599
599 153 604
41 607 600
607 608 600
607 156 608
608 154 600
156 609 608
609 610 608
609 130 610
610 154 608
156 611 609
611 510 609
611 16 510
510 130 609
130 511 610
511 601 610
511 34 601
601 154 610
21 614 612
612 614 613
612 613 157
613 614 159
157 613 615
615 613 616
615 616 158
616 613 159
157 615 617
617 615 618
617 618 42
618 615 158
158 616 619
619 616 620
619 620 43
620 616 159
42 618 621
621 618 622
621 622 160
622 618 158
160 622 623
623 622 624
623 624 161
624 622 158
160 623 625
625 623 626
625 626 39
626 623 161
161 624 627
627 624 619
627 619 43
619 624 158
42 621 628
628 621 629
628 629 162
629 621 160
162 629 630
630 629 631
630 631 149
631 629 160
162 630 632
632 630 581
632 581 1
581 630 149
149 631 582
582 631 625
582 625 39
625 631 160
39 626 583
583 626 633
583 633 150
633 626 161
150 633 634
634 633 635
634 635 163
635 633 161
150 634 587
587 634 636
587 636 17
636 634 163
163 635 637
637 635 627
637 627 43
627 635 161
21 639 614
614 639 638
614 638 159
638 639 165
159 638 640
640 638 641
640 641 164
641 638 165
159 640 620
620 640 642
620 642 43
642 640 164
164 641 643
643 641 644
643 644 45
644 641 165
43 642 645
645 642 646
645 646 166
646 642 164
166 646 647
647 646 648
647 648 167
648 646 164
166 647 649
649 647 650
649 650 44
650 647 167
167 648 651
651 648 643
651 643 45
643 648 164
43 645 637
637 645 652
637 652 163
652 645 166
163 652 653
653 652 654
653 654 168
654 652 166
163 653 636
636 653 655
636 655 17
655 653 168
168 654 656
656 654 649
656 649 44
649 654 166
44 650 657
657 650 658
657 658 169
658 650 167
169 658 659
659 658 660
659 660 170
660 658 167
169 659 661
661 659 662
661 662 2
662 659 170
170 660 663
663 660 651
663 651 45
651 660 167
21 665 639
639 665 664
639 664 165
664 665 172
165 664 666
666 664 667
666 667 171
667 664 172
165 666 644
644 666 668
644 668 45
668 666 171
171 667 669
669 667 670
669 670 47
670 667 172
45 668 671
671 668 672
671 672 173
672 668 171
173 672 673
673 672 674
673 674 174
674 672 171
173 673 675
675 673 676
675 676 46
676 673 174
174 674 677
677 674 669
677 669 47
669 674 171
45 671 663
663 671 678
663 678 170
678 671 173
170 678 679
679 678 680
679 680 175
680 678 173
170 679 662
662 679 681
662 681 2
681 679 175
175 680 682
682 680 675
682 675 46
675 680 173
46 676 683
683 676 684
683 684 176
684 676 174
176 684 685
685 684 686
685 686 177
686 684 174
176 685 687
687 685 688
687 688 10
688 685 177
177 686 689
689 686 677
689 677 47
677 686 174
21 691 665
665 691 690
665 690 172
690 691 179
172 690 692
692 690 693
692 693 178
693 690 179
172 692 670
670 692 694
670 694 47
694 692 178
178 693 695
695 693 696
695 696 49
696 693 179
47 694 697
697 694 698
697 698 180
698 694 178
180 698 699
699 698 700
699 700 181
700 698 178
180 699 701
701 699 702
701 702 48
702 699 181
181 700 703
703 700 695
703 695 49
695 700 178
47 697 689
689 697 704
689 704 177
704 697 180
177 704 705
705 704 706
705 706 182
706 704 180
177 705 688
688 705 707
688 707 10
707 705 182
182 706 708
708 706 701
708 701 48
701 706 180
48 702 709
709 702 710
709 710 183
710 702 181
183 710 711
711 710 712
711 712 184
712 710 181
183 711 713
713 711 714
713 714 9
714 711 184
184 712 715
715 712 703
715 703 49
703 712 181
21 612 691
691 612 716
691 716 179
716 612 157
179 716 717
717 716 718
717 718 185
718 716 157
179 717 696
696 717 719
696 719 49
719 717 185
185 718 720
720 718 617
720 617 42
617 718 157
49 719 721
721 719 722
721 722 186
722 719 185
186 722 723
723 722 724
723 724 187
724 722 185
186 723 725
725 723 726
725 726 50
726 723 187
187 724 727
727 724 720
727 720 42
720 724 185
49 721 715
715 721 728
715 728 184
728 721 186
184 728 729
729 728 730
729 730 188
730 728 186
184 729 714
714 729 731
714 731 9
731 729 188
188 730 732
732 730 725
732 725 50
725 730 186
50 726 733
733 726 734
733 734 189
734 726 187
189 734 735
735 734 736
735 736 162
736 734 187
189 735 737
737 735 632
737 632 1
632 735 162
162 736 628
628 736 727
628 727 42
727 736 187
22 738 740
738 739 740
738 190 739
739 192 740
190 741 739
741 742 739
741 191 742
742 192 739
190 743 741
743 744 741
743 51 744
744 191 741
191 745 742
745 746 742
745 52 746
746 192 742
51 747 744
747 748 744
747 193 748
748 191 744
193 749 748
749 750 748
749 194 750
750 191 748
193 751 749
751 752 749
751 38 752
752 194 749
194 753 750
753 745 750
753 52 745
745 191 750
51 754 747
754 755 747
754 195 755
755 193 747
195 756 755
756 757 755
756 143 757
757 193 755
195 758 756
758 557 756
758 1 557
557 143 756
143 558 757
558 751 757
558 38 751
751 193 757
38 559 752
559 759 752
559 144 759
759 194 752
144 760 759
760 761 759
760 196 761
761 194 759
144 563 760
563 762 760
563 12 762
762 196 760
196 763 761
763 753 761
763 52 753
753 194 761
22 740 765
740 764 765
740 192 764
764 198 765
192 766 764
766 767 764
766 197 767
767 198 764
192 746 766
746 768 766
746 52 768
768 197 766
197 769 767
769 770 767
769 54 770
770 198 767
52 771 768
771 772 768
771 199 772
772 197 768
199 773 772
773 774 772
773 200 774
774 197 772
199 775 773
775 776 773
775 53 776
776 200 773
200 777 774
777 769 774
777 54 769
769 197 774
52 763 771
763 778 771
763 196 778
778 199 771
196 779 778
779 780 778
779 201 780
780 199 778
196 762 779
762 781 779
762 12 781
781 201 779
201 782 780
782 775 780
782 53 775
775 199 780
53 783 776
783 784 776
783 202 784
784 200 776
202 785 784
785 786 784
785 203 786
786 200 784
202 787 785
787 788 785
787 15 788
788 203 785
203 789 786
789 777 786
789 54 777
777 200 786
22 765 791
765 790 791
765 198 790
790 205 791
198 792 790
792 793 790
792 204 793
793 205 790
198 770 792
770 794 792
770 54 794
794 204 792
204 795 793
795 796 793
795 56 796
796 205 793
54 797 794
797 798 794
797 206 798
798 204 794
206 799 798
799 800 798
799 207 800
800 204 798
206 801 799
801 802 799
801 55 802
802 207 799
207 803 800
803 795 800
803 56 795
795 204 800
54 789 797
789 804 797
789 203 804
804 206 797
203 805 804
805 806 804
805 208 806
806 206 804
203 788 805
788 807 805
788 15 807
807 208 805
208 808 806
808 801 806
808 55 801
801 206 806
55 809 802
809 810 802
809 209 810
810 207 802
209 811 810
811 812 810
811 210 812
812 207 810
209 813 811
813 814 811
813 7 814
814 210 811
210 815 812
815 803 812
815 56 803
803 207 812
22 791 817
791 816 817
791 205 816
816 212 817
205 818 816
818 819 816
818 211 819
819 212 816
205 796 818
796 820 818
796 56 820
820 211 818
211 821 819
821 822 819
821 58 822
822 212 819
56 823 820
823 824 820
823 213 824
824 211 820
213 825 824
825 826 824
825 214 826
826 211 824
213 827 825
827 828 825
827 57 828
828 214 825
214 829 826
829 821 826
829 58 821
821 211 826
56 815 823
815 830 823
815 210 830
830 213 823
210 831 830
831 832 830
831 215 832
832 213 830
210 814 831
814 833 831
814 7 833
833 215 831
215 834 832
834 827 832
834 57 827
827 213 832
57 835 828
835 836 828
835 216 836
836 214 828
216 837 836
837 838 836
837 217 838
838 214 836
216 839 837
839 840 837
839 9 840
840 217 837
217 841 838
841 829 838
841 58 829
829 214 838
22 817 738
817 842 738
817 212 842
842 190 738
212 843 842
843 844 842
843 218 844
844 190 842
212 822 843
822 845 843
822 58 845
845 218 843
218 846 844
846 743 844
846 51 743
743 190 844
58 847 845
847 848 845
847 219 848
848 218 845
219 849 848
849 850 848
849 220 850
850 218 848
219 851 849
851 852 849
851 50 852
852 220 849
220 853 850
853 846 850
853 51 846
846 218 850
58 841 847
841 854 847
841 217 854
854 219 847
217 855 854
855 856 854
855 188 856
856 219 854
217 840 855
840 731 855
840 9 731
731 188 855
188 732 856
732 851 856
732 50 851
851 219 856
50 733 852
733 857 852
733 189 857
857 220 852
189 858 857
858 859 857
858 195 859
859 220 857
189 737 858
737 758 858
737 1 758
758 195 858
195 754 859
754 853 859
754 51 853
853 220 859
23 860 862
860 861 862
860 221 861
861 223 862
221 863 861
863 864 861
863 222 864
864 223 861
221 865 863
865 866 863
865 59 866
866 222 863
222 867 864
867 868 864
867 61 868
868 223 864
59 869 866
869 870 866
869 224 870
870 222 866
224 871 870
871 872 870
871 225 872
872 222 870
224 873 871
873 874 871
873 60 874
874 225 871
225 875 872
875 867 872
875 61 867
867 222 872
59 876 869
876 877 869
876 226 877
877 224 869
226 878 877
878 879 877
878 227 879
879 224 877
226 880 878
880 881 878
880 11 881
881 227 878
227 882 879
882 873 879
882 60 873
873 224 879
60 883 874
883 884 874
883 228 884
884 225 874
228 885 884
885 886 884
885 229 886
886 225 884
228 887 885
887 888 885
887 5 888
888 229 885
229 889 886
889 875 886
889 61 875
875 225 886
23 862 891
862 890 891
862 223 890
890 231 891
223 892 890
892 893 890
892 230 893
893 231 890
223 868 892
868 894 892
868 61 894
894 230 892
230 895 893
895 896 893
895 63 896
896 231 893
61 897 894
897 898 894
897 232 898
898 230 894
232 899 898
899 900 898
899 233 900
900 230 898
232 901 899
901 902 899
901 62 902
902 233 899
233 903 900
903 895 900
903 63 895
895 230 900
61 889 897
889 904 897
889 229 904
904 232 897
229 905 904
905 906 904
905 234 906
906 232 904
229 888 905
888 907 905
888 5 907
907 234 905
234 908 906
908 901 906
908 62 901
901 232 906
62 909 902
909 910 902
909 235 910
910 233 902
235 911 910
911 912 910
911 236 912
912 233 910
235 913 911
913 914 911
913 13 914
914 236 911
236 915 912
915 903 912
915 63 903
903 233 912
23 891 917
891 916 917
891 231 916
916 238 917
231 918 916
918 919 916
918 237 919
919 238 916
231 896 918
896 920 918
896 63 920
920 237 918
237 921 919
921 922 919
921 65 922
922 238 919
63 923 920
923 924 920
923 239 924
924 237 920
239 925 924
925 926 924
925 240 926
926 237 924
239 927 925
927 928 925
927 64 928
928 240 925
240 929 926
929 921 926
929 65 921
921 237 926
63 915 923
915 930 923
915 236 930
930 239 923
236 931 930
931 932 930
931 241 932
932 239 930
236 914 931
914 933 931
914 13 933
933 241 931
241 934 932
934 927 932
934 64 927
927 239 932
64 935 928
935 936 928
935 242 936
936 240 928
242 937 936
937 938 936
937 243 938
938 240 936
242 939 937
939 940 937
939 14 940
940 243 937
243 941 938
941 929 938
941 65 929
929 240 938
23 917 943
917 942 943
917 238 942
942 245 943
238 944 942
944 945 942
944 244 945
945 245 942
238 922 944
922 946 944
922 65 946
946 244 944
244 947 945
947 948 945
947 67 948
948 245 945
65 949 946
949 950 946
949 246 950
950 244 946
246 951 950
951 952 950
951 247 952
952 244 950
246 953 951
953 954 951
953 66 954
954 247 951
247 955 952
955 947 952
955 67 947
947 244 952
65 941 949
941 956 949
941 243 956
956 246 949
243 957 956
957 958 956
957 248 958
958 246 956
243 940 957
940 959 957
940 14 959
959 248 957
248 960 958
960 953 958
960 66 953
953 246 958
66 961 954
961 962 954
961 249 962
962 247 954
249 963 962
963 964 962
963 250 964
964 247 962
249 965 963
965 966 963
965 4 966
966 250 963
250 967 964
967 955 964
967 67 955
955 247 964
23 943 860
943 968 860
943 245 968
968 221 860
245 969 968
969 970 968
969 251 970
970 221 968
245 948 969
948 971 969
948 67 971
971 251 969
251 972 970
972 865 970
972 59 865
865 221 970
67 973 971
973 974 971
973 252 974
974 251 971
252 975 974
975 976 974
975 253 976
976 251 974
252 977 975
977 978 975
977 68 978
978 253 975
253 979 976
979 972 976
979 59 972
972 251 976
67 967 973
967 980 973
967 250 980
980 252 973
250 981 980
981 982 980
981 254 982
982 252 980
250 966 981
966 983 981
966 4 983
983 254 981
254 984 982
984 977 982
984 68 977
977 252 982
68 985 978
985 986 978
985 255 986
986 253 978
255 987 986
987 988 986
987 226 988
988 253 986
255 989 987
989 880 987
989 11 880
880 226 987
226 876 988
876 979 988
876 59 979
979 253 988
24 992 990
990 992 991
990 991 256
991 992 258
256 991 993
993 991 994
993 994 257
994 991 258
256 993 995
995 993 996
995 996 69
996 993 257
257 994 997
997 994 998
997 998 71
998 994 258
69 996 999
999 996 1000
999 1000 259
1000 996 257
259 1000 1001
1001 1000 1002
1001 1002 260
1002 1000 257
259 1001 1003
1003 1001 1004
1003 1004 70
1004 1001 260
260 1002 1005
1005 1002 997
1005 997 71
997 1002 257
69 999 1006
1006 999 1007
1006 1007 261
1007 999 259
261 1007 1008
1008 1007 1009
1008 1009 262
1009 1007 259
261 1008 1010
1010 1008 1011
1010 1011 18
1011 1008 262
262 1009 1012
1012 1009 1003
1012 1003 70
1003 1009 259
70 1004 1013
1013 1004 1014
1013 1014 263
1014 1004 260
263 1014 1015
1015 1014 1016
1015 1016 264
1016 1014 260
263 1015 1017
1017 1015 1018
1017 1018 7
1018 1015 264
264 1016 1019
1019 1016 1005
1019 1005 71
1005 1016 260
24 1021 992
992 1021 1020
992 1020 258
1020 1021 266
258 1020 1022
1022 1020 1023
1022 1023 265
1023 1020 266
258 1022 998
998 1022 1024
998 1024 71
1024 1022 265
265 1023 1025
1025 1023 1026
1025 1026 72
1026 1023 266
71 1024 1027
1027 1024 1028
1027 1028 267
1028 1024 265
267 1028 1029
1029 1028 1030
1029 1030 268
1030 1028 265
267 1029 1031
1031 1029 1032
1031 1032 57
1032 1029 268
268 1030 1033
1033 1030 1025
1033 1025 72
1025 1030 265
71 1027 1019
1019 1027 1034
1019 1034 264
1034 1027 267
264 1034 1035
1035 1034 1036
1035 1036 215
1036 1034 267
264 1035 1018
1018 1035 833
1018 833 7
833 1035 215
215 1036 834
834 1036 1031
834 1031 57
1031 1036 267
57 1032 835
835 1032 1037
835 1037 216
1037 1032 268
216 1037 1038
1038 1037 1039
1038 1039 269
1039 1037 268
216 1038 839
839 1038 1040
839 1040 9
1040 1038 269
269 1039 1041
1041 1039 1033
1041 1033 72
1033 1039 268
24 1043 1021
1021 1043 1042
1021 1042 266
1042 1043 271
266 1042 1044
1044 1042 1045
1044 1045 270
1045 1042 271
266 1044 1026
1026 1044 1046
1026 1046 72
1046 1044 270
270 1045 1047
1047 1045 1048
1047 1048 73
1048 1045 271
72 1046 1049
1049 1046 1050
1049 1050 272
1050 1046 270
272 1050 1051
1051 1050 1052
1051 1052 273
1052 1050 270
272 1051 1053
1053 1051 1054
1053 1054 48
1054 1051 273
273 1052 1055
1055 1052 1047
1055 1047 73
1047 1052 270
72 1049 1041
1041 1049 1056
1041 1056 269
1056 1049 272
269 1056 1057
1057 1056 1058
1057 1058 183
1058 1056 272
269 1057 1040
1040 1057 713
1040 713 9
713 1057 183
183 1058 709
709 1058 1053
709 1053 48
1053 1058 272
48 1054 708
708 1054 1059
708 1059 182
1059 1054 273
182 1059 1060
1060 1059 1061
1060 1061 274
1061 1059 273
182 1060 707
707 1060 1062
707 1062 10
1062 1060 274
274 1061 1063
1063 1061 1055
1063 1055 73
1055 1061 273
24 1065 1043
1043 1065 1064
1043 1064 271
1064 1065 276
271 1064 1066
1066 1064 1067
1066 1067 275
1067 1064 276
271 1066 1048
1048 1066 1068
1048 1068 73
1068 1066 275
275 1067 1069
1069 1067 1070
1069 1070 75
1070 1067 276
73 1068 1071
1071 1068 1072
1071 1072 277
1072 1068 275
277 1072 1073
1073 1072 1074
1073 1074 278
1074 1072 275
277 1073 1075
1075 1073 1076
1075 1076 74
1076 1073 278
278 1074 1077
1077 1074 1069
1077 1069 75
1069 1074 275
73 1071 1063
1063 1071 1078
1063 1078 274
1078 1071 277
274 1078 1079
1079 1078 1080
1079 1080 279
1080 1078 277
274 1079 1062
1062 1079 1081
1062 1081 10
1081 1079 279
279 1080 1082
1082 1080 1075
1082 1075 74
1075 1080 277
74 1076 1083
1083 1076 1084
1083 1084 280
1084 1076 278
280 1084 1085
1085 1084 1086
1085 1086 281
1086 1084 278
280 1085 1087
1087 1085 1088
1087 1088 3
1088 1085 281
281 1086 1089
1089 1086 1077
1089 1077 75
1077 1086 278
24 990 1065
1065 990 1090
1065 1090 276
1090 990 256
276 1090 1091
1091 1090 1092
1091 1092 282
1092 1090 256
276 1091 1070
1070 1091 1093
1070 1093 75
1093 1091 282
282 1092 1094
1094 1092 995
1094 995 69
995 1092 256
75 1093 1095
1095 1093 1096
1095 1096 283
1096 1093 282
283 1096 1097
1097 1096 1098
1097 1098 284
1098 1096 282
283 1097 1099
1099 1097 1100
1099 1100 76
1100 1097 284
284 1098 1101
1101 1098 1094
1101 1094 69
1094 1098 282
75 1095 1089
1089 1095 1102
1089 1102 281
1102 1095 283
281 1102 1103
1103 1102 1104
1103 1104 285
1104 1102 283
281 1103 1088
1088 1103 1105
1088 1105 3
1105 1103 285
285 1104 1106
1106 1104 1099
1106 1099 76
1099 1104 283
76 1100 1107
1107 1100 1108
1107 1108 286
1108 1100 284
286 1108 1109
1109 1108 1110
1109 1110 261
1110 1108 284
286 1109 1111
1111 1109 1010
1111 1010 18
1010 1109 261
261 1110 1006
1006 1110 1101
1006 1101 69
1101 1110 284
25 1112 1114
1112 1113 1114
1112 287 1113
1113 289 1114
287 1115 1113
1115 1116 1113
1115 288 1116
1116 289 1113
287 1117 1115
1117 1118 1115
1117 77 1118
1118 288 1115
288 1119 1116
1119 1120 1116
1119 78 1120
1120 289 1116
77 1121 1118
1121 1122 1118
1121 290 1122
1122 288 1118
290 1123 1122
1123 1124 1122
1123 291 1124
1124 288 1122
290 1125 1123
1125 1126 1123
1125 55 1126
1126 291 1123
291 1127 1124
1127 1119 1124
1127 78 1119
1119 288 1124
77 1128 1121
1128 1129 1121
1128 292 1129
1129 290 1121
292 1130 1129
1130 1131 1129
1130 209 1131
1131 290 1129
292 1132 1130
1132 813 1130
1132 7 813
813 209 1130
209 809 1131
809 1125 1131
809 55 1125
1125 290 1131
55 808 1126
808 1133 1126
808 208 1133
1133 291 1126
208 1134 1133
1134 1135 1133
1134 293 1135
1135 291 1133
208 807 1134
807 1136 1134
807 15 1136
1136 293 1134
293 1137 1135
1137 1127 1135
1137 78 1127
1127 291 1135
25 1114 1139
1114 1138 1139
1114 289 1138
1138 295 1139
289 1140 1138
1140 1141 1138
1140 294 1141
1141 295 1138
289 1120 1140
1120 1142 1140
1120 78 1142
1142 294 1140
294 1143 1141
1143 1144 1141
1143 80 1144
1144 295 1141
78 1145 1142
1145 1146 1142
1145 296 1146
1146 294 1142
296 1147 1146
1147 1148 1146
1147 297 1148
1148 294 1146
296 1149 1147
1149 1150 1147
1149 79 1150
1150 297 1147
297 1151 1148
1151 1143 1148
1151 80 1143
1143 294 1148
78 1137 1145
1137 1152 1145
1137 293 1152
1152 296 1145
293 1153 1152
1153 1154 1152
1153 298 1154
1154 296 1152
293 1136 1153
1136 1155 1153
1136 15 1155
1155 298 1153
298 1156 1154
1156 1149 1154
1156 79 1149
1149 296 1154
79 1157 1150
1157 1158 1150
1157 299 1158
1158 297 1150
299 1159 1158
1159 1160 1158
1159 300 1160
1160 297 1158
299 1161 1159
1161 1162 1159
1161 6 1162
1162 300 1159
300 1163 1160
1163 1151 1160
1163 80 1151
1151 297 1160
25 1139 1165
1139 1164 1165
1139 295 1164
1164 302 1165
295 1166 1164
1166 1167 1164
1166 301 1167
1167 302 1164
295 1144 1166
1144 1168 1166
1144 80 1168
1168 301 1166
301 1169 1167
1169 1170 1167
1169 82 1170
1170 302 1167
80 1171 1168
1171 1172 1168
1171 303 1172
1172 301 1168
303 1173 1172
1173 1174 1172
1173 304 1174
1174 301 1172
303 1175 1173
1175 1176 1173
1175 81 1176
1176 304 1173
304 1177 1174
1177 1169 1174
1177 82 1169
1169 301 1174
80 1163 1171
1163 1178 1171
1163 300 1178
1178 303 1171
300 1179 1178
1179 1180 1178
1179 305 1180
1180 303 1178
300 1162 1179
1162 1181 1179
1162 6 1181
1181 305 1179
305 1182 1180
1182 1175 1180
1182 81 1175
1175 303 1180
81 1183 1176
1183 1184 1176
1183 306 1184
1184 304 1176
306 1185 1184
1185 1186 1184
1185 307 1186
1186 304 1184
306 1187 1185
1187 1188 1185
1187 19 1188
1188 307 1185
307 1189 1186
1189 1177 1186
1189 82 1177
1177 304 1186
25 1165 1191
1165 1190 1191
1165 302 1190
1190 309 1191
302 1192 1190
1192 1193 1190
1192 308 1193
1193 309 1190
302 1170 1192
1170 1194 1192
1170 82 1194
1194 308 1192
308 1195 1193
1195 1196 1193
1195 84 1196
1196 309 1193
82 1197 1194
1197 1198 1194
1197 310 1198
1198 308 1194
310 1199 1198
1199 1200 1198
1199 311 1200
1200 308 1198
310 1201 1199
1201 1202 1199
1201 83 1202
1202 311 1199
311 1203 1200
1203 1195 1200
1203 84 1195
1195 308 1200
82 1189 1197
1189 1204 1197
1189 307 1204
1204 310 1197
307 1205 1204
1205 1206 1204
1205 312 1206
1206 310 1204
307 1188 1205
1188 1207 1205
1188 19 1207
1207 312 1205
312 1208 1206
1208 1201 1206
1208 83 1201
1201 310 1206
83 1209 1202
1209 1210 1202
1209 313 1210
1210 311 1202
313 1211 1210
1211 1212 1210
1211 314 1212
1212 311 1210
313 1213 1211
1213 1214 1211
1213 18 1214
1214 314 1211
314 1215 1212
1215 1203 1212
1215 84 1203
1203 311 1212
25 1191 1112
1112 1191 1216
1112 1216 287
1216 1191 309
287 1216 1217
1217 1216 1218
1217 1218 315
1218 1216 309
287 1217 1117
1117 1217 1219
1117 1219 77
1219 1217 315
315 1218 1220
1220 1218 1196
1220 1196 84
1196 1218 309
77 1219 1221
1221 1219 1222
1221 1222 316
1222 1219 315
316 1222 1223
1223 1222 1224
1223 1224 317
1224 1222 315
316 1223 1225
1225 1223 1226
1225 1226 70
1226 1223 317
317 1224 1227
1227 1224 1220
1227 1220 84
1220 1224 315
77 1221 1128
1128 1221 1228
1128 1228 292
1228 1221 316
292 1228 1229
1229 1228 1230
1229 1230 263
1230 1228 316
292 1229 1132
1132 1229 1017
1132 1017 7
1017 1229 263
263 1230 1013
1013 1230 1225
1013 1225 70
1225 1230 316
70 1226 1012
1012 1226 1231
1012 1231 262
1231 1226 317
262 1231 1232
1232 1231 1233
1232 1233 314
1233 1231 317
262 1232 1011
1011 1232 1214
1011 1214 18
1214 1232 314
314 1233 1215
1215 1233 1227
1215 1227 84
1227 1233 317
26 1236 1234
1234 1236 1235
1234 1235 318
1235 1236 320
318 1235 1237
1237 1235 1238
1237 1238 319
1238 1235 320
318 1237 1239
1239 1237 1240
1239 1240 85
1240 1237 319
319 1238 1241
1241 1238 1242
1241 1242 86
1242 1238 320
85 1240 1243
1243 1240 1244
1243 1244 321
1244 1240 319
321 1244 1245
1245 1244 1246
1245 1246 322
1246 1244 319
321 1245 1247
1247 1245 1248
1247 1248 46
1248 1245 322
322 1246 1249
1249 1246 1241
1249 1241 86
1241 1246 319
85 1243 1250
1250 1243 1251
1250 1251 323
1251 1243 321
323 1251 1252
1252 1251 1253
1252 1253 176
1253 1251 321
323 1252 1254
1254 1252 687
1254 687 10
687 1252 176
176 1253 683
683 1253 1247
683 1247 46
1247 1253 321
46 1248 682
682 1248 1255
682 1255 175
1255 1248 322
175 1255 1256
1256 1255 1257
1256 1257 324
1257 1255 322
175 1256 681
681 1256 1258
681 1258 2
1258 1256 324
324 1257 1259
1259 1257 1249
1259 1249 86
1249 1257 322
26 1261 1236
1236 1261 1260
1236 1260 320
1260 1261 326
320 1260 1262
1262 1260 1263
1262 1263 325
1263 1260 326
320 1262 1242
1242 1262 1264
1242 1264 86
1264 1262 325
325 1263 1265
1265 1263 1266
1265 1266 88
1266 1263 326
86 1264 1267
1267 1264 1268
1267 1268 327
1268 1264 325
327 1268 1269
1269 1268 1270
1269 1270 328
1270 1268 325
327 1269 1271
1271 1269 1272
1271 1272 87
1272 1269 328
328 1270 1273
1273 1270 1265
1273 1265 88
1265 1270 325
86 1267 1259
1259 1267 1274
1259 1274 324
1274 1267 327
324 1274 1275
1275 1274 1276
1275 1276 329
1276 1274 327
324 1275 1258
1258 1275 1277
1258 1277 2
1277 1275 329
329 1276 1278
1278 1276 1271
1278 1271 87
1271 1276 327
87 1272 1279
1279 1272 1280
1279 1280 330
1280 1272 328
330 1280 1281
1281 1280 1282
1281 1282 331
1282 1280 328
330 1281 1283
1283 1281 1284
1283 1284 13
1284 1281 331
331 1282 1285
1285 1282 1273
1285 1273 88
1273 1282 328
26 1287 1261
1261 1287 1286
1261 1286 326
1286 1287 333
326 1286 1288
1288 1286 1289
1288 1289 332
1289 1286 333
326 1288 1266
1266 1288 1290
1266 1290 88
1290 1288 332
332 1289 1291
1291 1289 1292
1291 1292 89
1292 1289 333
88 1290 1293
1293 1290 1294
1293 1294 334
1294 1290 332
334 1294 1295
1295 1294 1296
1295 1296 335
1296 1294 332
334 1295 1297
1297 1295 1298
1297 1298 64
1298 1295 335
335 1296 1299
1299 1296 1291
1299 1291 89
1291 1296 332
88 1293 1285
1285 1293 1300
1285 1300 331
1300 1293 334
331 1300 1301
1301 1300 1302
1301 1302 241
1302 1300 334
331 1301 1284
1284 1301 933
1284 933 13
933 1301 241
241 1302 934
934 1302 1297
934 1297 64
1297 1302 334
64 1298 935
935 1298 1303
935 1303 242
1303 1298 335
242 1303 1304
1304 1303 1305
1304 1305 336
1305 1303 335
242 1304 939
939 1304 1306
939 1306 14
1306 1304 336
336 1305 1307
1307 1305 1299
1307 1299 89
1299 1305 335
26 1309 1287
1287 1309 1308
1287 1308 333
1308 1309 338
333 1308 1310
1310 1308 1311
1310 1311 337
1311 1308 338
333 1310 1292
1292 1310 1312
1292 1312 89
1312 1310 337
337 1311 1313
1313 1311 1314
1313 1314 91
1314 1311 338
89 1312 1315
1315 1312 1316
1315 1316 339
1316 1312 337
339 1316 1317
1317 1316 1318
1317 1318 340
1318 1316 337
339 1317 1319
1319 1317 1320
1319 1320 90
1320 1317 340
340 1318 1321
1321 1318 1313
1321 1313 91
1313 1318 337
89 1315 1307
1307 1315 1322
1307 1322 336
1322 1315 339
336 1322 1323
1323 1322 1324
1323 1324 341
1324 1322 339
336 1323 1306
1306 1323 1325
1306 1325 14
1325 1323 341
341 1324 1326
1326 1324 1319
1326 1319 90
1319 1324 339
90 1320 1327
1327 1320 1328
1327 1328 342
1328 1320 340
342 1328 1329
1329 1328 1330
1329 1330 343
1330 1328 340
342 1329 1331
1331 1329 1332
1331 1332 3
1332 1329 343
343 1330 1333
1333 1330 1321
1333 1321 91
1321 1330 340
26 1234 1309
1309 1234 1334
1309 1334 338
1334 1234 318
338 1334 1335
1335 1334 1336
1335 1336 344
1336 1334 318
338 1335 1314
1314 1335 1337
1314 1337 91
1337 1335 344
344 1336 1338
1338 1336 1239
1338 1239 85
1239 1336 318
91 1337 1339
1339 1337 1340
1339 1340 345
1340 1337 344
345 1340 1341
1341 1340 1342
1341 1342 346
1342 1340 344
345 1341 1343
1343 1341 1344
1343 1344 74
1344 1341 346
346 1342 1345
1345 1342 1338
1345 1338 85
1338 1342 344
91 1339 1333
1333 1339 1346
1333 1346 343
1346 1339 345
343 1346 1347
1347 1346 1348
1347 1348 280
1348 1346 345
343 1347 1332
1332 1347 1087
1332 1087 3
1087 1347 280
280 1348 1083
1083 1348 1343
1083 1343 74
1343 1348 345
74 1344 1082
1082 1344 1349
1082 1349 279
1349 1344 346
279 1349 1350
1350 1349 1351
1350 1351 323
1351 1349 346
279 1350 1081
1081 1350 1254
1081 1254 10
1254 1350 323
323 1351 1250
1250 1351 1345
1250 1345 85
1345 1351 346
27 1354 1352
1352 1354 1353
1352 1353 347
1353 1354 349
347 1353 1355
1355 1353 1356
1355 1356 348
1356 1353 349
347 1355 1357
1357 1355 1358
1357 1358 92
1358 1355 348
348 1356 1359
1359 1356 1360
1359 1360 93
1360 1356 349
92 1358 1361
1361 1358 1362
1361 1362 350
1362 1358 348
350 1362 1363
1363 1362 1364
1363 1364 351
1364 1362 348
350 1363 1365
1365 1363 1366
1365 1366 41
1366 1363 351
351 1364 1367
1367 1364 1359
1367 1359 93
1359 1364 348
92 1361 1368
1368 1361 1369
1368 1369 352
1369 1361 350
352 1369 1370
1370 1369 1371
1370 1371 155
1371 1369 350
352 1370 1372
1372 1370 605
1372 605 17
605 1370 155
155 1371 606
606 1371 1365
606 1365 41
1365 1371 350
41 1366 607
607 1366 1373
607 1373 156
1373 1366 351
156 1373 1374
1374 1373 1375
1374 1375 353
1375 1373 351
156 1374 611
611 1374 1376
611 1376 16
1376 1374 353
353 1375 1377
1377 1375 1367
1377 1367 93
1367 1375 351
27 1379 1354
1354 1379 1378
1354 1378 349
1378 1379 355
349 1378 1380
1380 1378 1381
1380 1381 354
1381 1378 355
349 1380 1360
1360 1380 1382
1360 1382 93
1382 1380 354
354 1381 1383
1383 1381 1384
1383 1384 95
1384 1381 355
93 1382 1385
1385 1382 1386
1385 1386 356
1386 1382 354
356 1386 1387
1387 1386 1388
1387 1388 357
1388 1386 354
356 1387 1389
1389 1387 1390
1389 1390 94
1390 1387 357
357 1388 1391
1391 1388 1383
1391 1383 95
1383 1388 354
93 1385 1377
1377 1385 1392
1377 1392 353
1392 1385 356
353 1392 1393
1393 1392 1394
1393 1394 358
1394 1392 356
353 1393 1376
1376 1393 1395
1376 1395 16
1395 1393 358
358 1394 1396
1396 1394 1389
1396 1389 94
1389 1394 356
94 1390 1397
1397 1390 1398
1397 1398 359
1398 1390 357
359 1398 1399
1399 1398 1400
1399 1400 360
1400 1398 357
359 1399 1401
1401 1399 1402
1401 1402 5
1402 1399 360
360 1400 1403
1403 1400 1391
1403 1391 95
1391 1400 357
27 1405 1379
1379 1405 1404
1379 1404 355
1404 1405 362
355 1404 1406
1406 1404 1407
1406 1407 361
1407 1404 362
355 1406 1384
1384 1406 1408
1384 1408 95
1408 1406 361
361 1407 1409
1409 1407 1410
1409 1410 96
1410 1407 362
95 1408 1411
1411 1408 1412
1411 1412 363
1412 1408 361
363 1412 1413
1413 1412 1414
1413 1414 364
1414 1412 361
363 1413 1415
1415 1413 1416
1415 1416 62
1416 1413 364
364 1414 1417
1417 1414 1409
1417 1409 96
1409 1414 361
95 1411 1403
1403 1411 1418
1403 1418 360
1418 1411 363
360 1418 1419
1419 1418 1420
1419 1420 234
1420 1418 363
360 1419 1402
1402 1419 907
1402 907 5
907 1419 234
234 1420 908
908 1420 1415
908 1415 62
1415 1420 363
62 1416 909
909 1416 1421
909 1421 235
1421 1416 364
235 1421 1422
1422 1421 1423
1422 1423 365
1423 1421 364
235 1422 913
913 1422 1424
913 1424 13
1424 1422 365
365 1423 1425
1425 1423 1417
1425 1417 96
1417 1423 364
27 1427 1405
1405 1427 1426
1405 1426 362
1426 1427 367
362 1426 1428
1428 1426 1429
1428 1429 366
1429 1426 367
362 1428 1410
1410 1428 1430
1410 1430 96
1430 1428 366
366 1429 1431
1431 1429 1432
1431 1432 97
1432 1429 367
96 1430 1433
1433 1430 1434
1433 1434 368
1434 1430 366
368 1434 1435
1435 1434 1436
1435 1436 369
1436 1434 366
368 1435 1437
1437 1435 1438
1437 1438 87
1438 1435 369
369 1436 1439
1439 1436 1431
1439 1431 97
1431 1436 366
96 1433 1425
1425 1433 1440
1425 1440 365
1440 1433 368
365 1440 1441
1441 1440 1442
1441 1442 330
1442 1440 368
365 1441 1424
1424 1441 1283
1424 1283 13
1283 1441 330
330 1442 1279
1279 1442 1437
1279 1437 87
1437 1442 368
87 1438 1278
1278 1438 1443
1278 1443 329
1443 1438 369
329 1443 1444
1444 1443 1445
1444 1445 370
1445 1443 369
329 1444 1277
1277 1444 1446
1277 1446 2
1446 1444 370
370 1445 1447
1447 1445 1439
1447 1439 97
1439 1445 369
27 1352 1427
1427 1352 1448
1427 1448 367
1448 1352 347
367 1448 1449
1449 1448 1450
1449 1450 371
1450 1448 347
367 1449 1432
1432 1449 1451
1432 1451 97
1451 1449 371
371 1450 1452
1452 1450 1357
1452 1357 92
1357 1450 347
97 1451 1453
1453 1451 1454
1453 1454 372
1454 1451 371
372 1454 1455
1455 1454 1456
1455 1456 373
1456 1454 371
372 1455 1457
1457 1455 1458
1457 1458 44
1458 1455 373
373 1456 1459
1459 1456 1452
1459 1452 92
1452 1456 371
97 1453 1447
1447 1453 1460
1447 1460 370
1460 1453 372
370 1460 1461
1461 1460 1462
1461 1462 169
1462 1460 372
370 1461 1446
1446 1461 661
1446 661 2
661 1461 169
169 1462 657
657 1462 1457
657 1457 44
1457 1462 372
44 1458 656
656 1458 1463
656 1463 168
1463 1458 373
168 1463 1464
1464 1463 1465
1464 1465 352
1465 1463 373
168 1464 655
655 1464 1372
655 1372 17
1372 1464 352
352 1465 1368
1368 1465 1459
1368 1459 92
1459 1465 373
28 1466 1468
1466 1467 1468
1466 374 1467
1467 376 1468
374 1469 1467
1469 1470 1467
1469 375 1470
1470 376 1467
374 1471 1469
1471 1472 1469
1471 98 1472
1472 375 1469
375 1473 1470
1473 1474 1470
1473 99 1474
1474 376 1470
98 1475 1472
1475 1476 1472
1475 377 1476
1476 375 1472
377 1477 1476
1477 1478 1476
1477 378 1478
1478 375 1476
377 1479 1477
1479 1480 1477
1479 83 1480
1480 378 1477
378 1481 1478
1481 1473 1478
1481 99 1473
1473 375 1478
98 1482 1475
1482 1483 1475
1482 379 1483
1483 377 1475
379 1484 1483
1484 1485 1483
1484 313 1485
1485 377 1483
379 1486 1484
1486 1213 1484
1486 18 1213
1213 313 1484
313 1209 1485
1209 1479 1485
1209 83 1479
1479 377 1485
83 1208 1480
1208 1487 1480
1208 312 1487
1487 378 1480
312 1488 1487
1488 1489 1487
1488 380 1489
1489 378 1487
312 1207 1488
1207 1490 1488
1207 19 1490
1490 380 1488
380 1491 1489
1491 1481 1489
1491 99 1481
1481 378 1489
28 1468 1493
1468 1492 1493
1468 376 1492
1492 382 1493
376 1494 1492
1494 1495 1492
1494 381 1495
1495 382 1492
376 1474 1494
1474 1496 1494
1474 99 1496
1496 381 1494
381 1497 1495
1497 1498 1495
1497 101 1498
1498 382 1495
99 1499 1496
1499 1500 1496
1499 383 1500
1500 381 1496
383 1501 1500
1501 1502 1500
1501 384 1502
1502 381 1500
383 1503 1501
1503 1504 1501
1503 100 1504
1504 384 1501
384 1505 1502
1505 1497 1502
1505 101 1497
1497 381 1502
99 1491 1499
1491 1506 1499
1491 380 1506
1506 383 1499
380 1507 1506
1507 1508 1506
1507 385 1508
1508 383 1506
380 1490 1507
1490 1509 1507
1490 19 1509
1509 385 1507
385 1510 1508
1510 1503 1508
1510 100 1503
1503 383 1508
100 1511 1504
1511 1512 1504
1511 386 1512
1512 384 1504
386 1513 1512
1513 1514 1512
1513 387 1514
1514 384 1512
386 1515 1513
1515 1516 1513
1515 4 1516
1516 387 1513
387 1517 1514
1517 1505 1514
1517 101 1505
1505 384 1514
28 1493 1519
1493 1518 1519
1493 382 1518
1518 389 1519
382 1520 1518
1520 1521 1518
1520 388 1521
1521 389 1518
382 1498 1520
1498 1522 1520
1498 101 1522
1522 388 1520
388 1523 1521
1523 1524 1521
1523 102 1524
1524 389 1521
101 1525 1522
1525 1526 1522
1525 390 1526
1526 388 1522
390 1527 1526
1527 1528 1526
1527 391 1528
1528 388 1526
390 1529 1527
1529 1530 1527
1529 66 1530
1530 391 1527
391 1531 1528
1531 1523 1528
1531 102 1523
1523 388 1528
101 1517 1525
1517 1532 1525
1517 387 1532
1532 390 1525
387 1533 1532
1533 1534 1532
1533 249 1534
1534 390 1532
387 1516 1533
1516 965 1533
1516 4 965
965 249 1533
249 961 1534
961 1529 1534
961 66 1529
1529 390 1534
66 960 1530
960 1535 1530
960 248 1535
1535 391 1530
248 1536 1535
1536 1537 1535
1536 392 1537
1537 391 1535
248 959 1536
959 1538 1536
959 14 1538
1538 392 1536
392 1539 1537
1539 1531 1537
1539 102 1531
1531 391 1537
28 1519 1541
1519 1540 1541
1519 389 1540
1540 394 1541
389 1542 1540
1542 1543 1540
1542 393 1543
1543 394 1540
389 1524 1542
1524 1544 1542
1524 102 1544
1544 393 1542
393 1545 1543
1545 1546 1543
1545 103 1546
1546 394 1543
102 1547 1544
1547 1548 1544
1547 395 1548
1548 393 1544
395 1549 1548
1549 1550 1548
1549 396 1550
1550 393 1548
395 1551 1549
1551 1552 1549
1551 90 1552
1552 396 1549
396 1553 1550
1553 1545 1550
1553 103 1545
1545 393 1550
102 1539 1547
1539 1554 1547
1539 392 1554
1554 395 1547
392 1555 1554
1555 1556 1554
1555 341 1556
1556 395 1554
392 1538 1555
1538 1325 1555
1538 14 1325
1325 341 1555
341 1326 1556
1326 1551 1556
1326 90 1551
1551 395 1556
90 1327 1552
1327 1557 1552
1327 342 1557
1557 396 1552
342 1558 1557
1558 1559 1557
1558 397 1559
1559 396 1557
342 1331 1558
1331 1560 1558
1331 3 1560
1560 397 1558
397 1561 1559
1561 1553 1559
1561 103 1553
1553 396 1559
28 1541 1466
1541 1562 1466
1541 394 1562
1562 374 1466
394 1563 1562
1563 1564 1562
1563 398 1564
1564 374 1562
394 1546 1563
1546 1565 1563
1546 103 1565
1565 398 1563
398 1566 1564
1566 1471 1564
1566 98 1471
1471 374 1564
103 1567 1565
1567 1568 1565
1567 399 1568
1568 398 1565
399 1569 1568
1569 1570 1568
1569 400 1570
1570 398 1568
399 1571 1569
1571 1572 1569
1571 76 1572
1572 400 1569
400 1573 1570
1573 1566 1570
1573 98 1566
1566 398 1570
103 1561 1567
1561 1574 1567
1561 397 1574
1574 399 1567
397 1575 1574
1575 1576 1574
1575 285 1576
1576 399 1574
397 1560 1575
1560 1105 1575
1560 3 1105
1105 285 1575
285 1106 1576
1106 1571 1576
1106 76 1571
1571 399 1576
76 1107 1572
1107 1577 1572
1107 286 1577
1577 400 1572
286 1578 1577
1578 1579 1577
1578 379 1579
1579 400 1577
286 1111 1578
1111 1486 1578
1111 18 1486
1486 379 1578
379 1482 1579
1482 1573 1579
1482 98 1573
1573 400 1579
29 1580 1582
1580 1581 1582
1580 401 1581
1581 403 1582
401 1583 1581
1583 1584 1581
1583 402 1584
1584 403 1581
401 1585 1583
1585 1586 1583
1585 104 1586
1586 402 1583
402 1587 1584
1587 1588 1584
1587 105 1588
1588 403 1584
104 1589 1586
1589 1590 1586
1589 404 1590
1590 402 1586
404 1591 1590
1591 1592 1590
1591 405 1592
1592 402 1590
404 1593 1591
1593 1594 1591
1593 53 1594
1594 405 1591
405 1595 1592
1595 1587 1592
1595 105 1587
1587 402 1592
104 1596 1589
1596 1597 1589
1596 406 1597
1597 404 1589
406 1598 1597
1598 1599 1597
1598 202 1599
1599 404 1597
406 1600 1598
1600 787 1598
1600 15 787
787 202 1598
202 783 1599
783 1593 1599
783 53 1593
1593 404 1599
53 782 1594
782 1601 1594
782 201 1601
1601 405 1594
201 1602 1601
1602 1603 1601
1602 407 1603
1603 405 1601
201 781 1602
781 1604 1602
781 12 1604
1604 407 1602
407 1605 1603
1605 1595 1603
1605 105 1595
1595 405 1603
29 1582 1607
1582 1606 1607
1582 403 1606
1606 409 1607
403 1608 1606
1608 1609 1606
1608 408 1609
1609 409 1606
403 1588 1608
1588 1610 1608
1588 105 1610
1610 408 1608
408 1611 1609
1611 1612 1609
1611 106 1612
1612 409 1609
105 1613 1610
1613 1614 1610
1613 410 1614
1614 408 1610
410 1615 1614
1615 1616 1614
1615 411 1616
1616 408 1614
410 1617 1615
1617 1618 1615
1617 35 1618
1618 411 1615
411 1619 1616
1619 1611 1616
1619 106 1611
1611 408 1616
105 1605 1613
1605 1620 1613
1605 407 1620
1620 410 1613
407 1621 1620
1621 1622 1620
1621 136 1622
1622 410 1620
407 1604 1621
1604 535 1621
1604 12 535
535 136 1621
136 531 1622
531 1617 1622
531 35 1617
1617 410 1622
35 530 1618
530 1623 1618
530 135 1623
1623 411 1618
135 1624 1623
1624 1625 1623
1624 412 1625
1625 411 1623
135 529 1624
529 1626 1624
529 0 1626
1626 412 1624
412 1627 1625
1627 1619 1625
1627 106 1619
1619 411 1625
29 1607 1629
1607 1628 1629
1607 409 1628
1628 414 1629
409 1630 1628
1630 1631 1628
1630 413 1631
1631 414 1628
409 1612 1630
1612 1632 1630
1612 106 1632
1632 413 1630
413 1633 1631
1633 1634 1631
1633 108 1634
1634 414 1631
106 1635 1632
1635 1636 1632
1635 415 1636
1636 413 1632
415 1637 1636
1637 1638 1636
1637 416 1638
1638 413 1636
415 1639 1637
1639 1640 1637
1639 107 1640
1640 416 1637
416 1641 1638
1641 1633 1638
1641 108 1633
1633 413 1638
106 1627 1635
1627 1642 1635
1627 412 1642
1642 415 1635
412 1643 1642
1643 1644 1642
1643 417 1644
1644 415 1642
412 1626 1643
1626 1645 1643
1626 0 1645
1645 417 1643
417 1646 1644
1646 1639 1644
1646 107 1639
1639 415 1644
107 1647 1640
1647 1648 1640
1647 418 1648
1648 416 1640
418 1649 1648
1649 1650 1648
1649 419 1650
1650 416 1648
418 1651 1649
1651 1652 1649
1651 8 1652
1652 419 1649
419 1653 1650
1653 1641 1650
1653 108 1641
1641 416 1650
29 1629 1655
1629 1654 1655
1629 414 1654
1654 421 1655
414 1656 1654
1656 1657 1654
1656 420 1657
1657 421 1654
414 1634 1656
1634 1658 1656
1634 108 1658
1658 420 1656
420 1659 1657
1659 1660 1657
1659 110 1660
1660 421 1657
108 1661 1658
1661 1662 1658
1661 422 1662
1662 420 1658
422 1663 1662
1663 1664 1662
1663 423 1664
1664 420 1662
422 1665 1663
1665 1666 1663
1665 109 1666
1666 423 1663
423 1667 1664
1667 1659 1664
1667 110 1659
1659 420 1664
108 1653 1661
1653 1668 1661
1653 419 1668
1668 422 1661
419 1669 1668
1669 1670 1668
1669 424 1670
1670 422 1668
419 1652 1669
1652 1671 1669
1652 8 1671
1671 424 1669
424 1672 1670
1672 1665 1670
1672 109 1665
1665 422 1670
109 1673 1666
1673 1674 1666
1673 425 1674
1674 423 1666
425 1675 1674
1675 1676 1674
1675 426 1676
1676 423 1674
425 1677 1675
1677 1678 1675
1677 6 1678
1678 426 1675
426 1679 1676
1679 1667 1676
1679 110 1667
1667 423 1676
29 1655 1580
1655 1680 1580
1655 421 1680
1680 401 1580
421 1681 1680
1681 1682 1680
1681 427 1682
1682 401 1680
421 1660 1681
1660 1683 1681
1660 110 1683
1683 427 1681
427 1684 1682
1684 1585 1682
1684 104 1585
1585 401 1682
110 1685 1683
1685 1686 1683
1685 428 1686
1686 427 1683
428 1687 1686
1687 1688 1686
1687 429 1688
1688 427 1686
428 1689 1687
1689 1690 1687
1689 79 1690
1690 429 1687
429 1691 1688
1691 1684 1688
1691 104 1684
1684 427 1688
110 1679 1685
1679 1692 1685
1679 426 1692
1692 428 1685
426 1693 1692
1693 1694 1692
1693 299 1694
1694 428 1692
426 1678 1693
1678 1161 1693
1678 6 1161
1161 299 1693
299 1157 1694
1157 1689 1694
1157 79 1689
1689 428 1694
79 1156 1690
1156 1695 1690
1156 298 1695
1695 429 1690
298 1696 1695
1696 1697 1695
1696 406 1697
1697 429 1695
298 1155 1696
1155 1600 1696
1155 15 1600
1600 406 1696
406 1596 1697
1596 1691 1697
1596 104 1691
1691 429 1697
30 1700 1698
1698 1700 1699
1698 1699 430
1699 1700 432
430 1699 1701
1701 1699 1702
1701 1702 431
1702 1699 432
430 1701 1703
1703 1701 1704
1703 1704 111
1704 1701 431
431 1702 1705
1705 1702 1706
1705 1706 112
1706 1702 432
111 1704 1707
1707 1704 1708
1707 1708 433
1708 1704 431
433 1708 1709
1709 1708 1710
1709 1710 434
1710 1708 431
433 1709 1711
1711 1709 1712
1711 1712 107
1712 1709 434
434 1710 1713
1713 1710 1705
1713 1705 112
1705 1710 431
111 1707 1714
1714 1707 1715
1714 1715 435
1715 1707 433
435 1715 1716
1716 1715 1717
1716 1717 417
1717 1715 433
435 1716 1718
1718 1716 1645
1718 1645 0
1645 1716 417
417 1717 1646
1646 1717 1711
1646 1711 107
1711 1717 433
107 1712 1647
1647 1712 1719
1647 1719 418
1719 1712 434
418 1719 1720
1720 1719 1721
1720 1721 436
1721 1719 434
418 1720 1651
1651 1720 1722
1651 1722 8
1722 1720 436
436 1721 1723
1723 1721 1713
1723 1713 112
1713 1721 434
30 1725 1700
1700 1725 1724
1700 1724 432
1724 1725 438
432 1724 1726
1726 1724 1727
1726 1727 437
1727 1724 438
432 1726 1706
1706 1726 1728
1706 1728 112
1728 1726 437
437 1727 1729
1729 1727 1730
1729 1730 114
1730 1727 438
112 1728 1731
1731 1728 1732
1731 1732 439
1732 1728 437
439 1732 1733
1733 1732 1734
1733 1734 440
1734 1732 437
439 1733 1735
1735 1733 1736
1735 1736 113
1736 1733 440
440 1734 1737
1737 1734 1729
1737 1729 114
1729 1734 437
112 1731 1723
1723 1731 1738
1723 1738 436
1738 1731 439
436 1738 1739
1739 1738 1740
1739 1740 441
1740 1738 439
436 1739 1722
1722 1739 1741
1722 1741 8
1741 1739 441
441 1740 1742
1742 1740 1735
1742 1735 113
1735 1740 439
113 1736 1743
1743 1736 1744
1743 1744 442
1744 1736 440
442 1744 1745
1745 1744 1746
1745 1746 443
1746 1744 440
442 1745 1747
1747 1745 1748
1747 1748 11
1748 1745 443
443 1746 1749
1749 1746 1737
1749 1737 114
1737 1746 440
30 1751 1725
1725 1751 1750
1725 1750 438
1750 1751 445
438 1750 1752
1752 1750 1753
1752 1753 444
1753 1750 445
438 1752 1730
1730 1752 1754
1730 1754 114
1754 1752 444
444 1753 1755
1755 1753 1756
1755 1756 115
1756 1753 445
114 1754 1757
1757 1754 1758
1757 1758 446
1758 1754 444
446 1758 1759
1759 1758 1760
1759 1760 447
1760 1758 444
446 1759 1761
1761 1759 1762
1761 1762 60
1762 1759 447
447 1760 1763
1763 1760 1755
1763 1755 115
1755 1760 444
114 1757 1749
1749 1757 1764
1749 1764 443
1764 1757 446
443 1764 1765
1765 1764 1766
1765 1766 227
1766 1764 446
443 1765 1748
1748 1765 881
1748 881 11
881 1765 227
227 1766 882
882 1766 1761
882 1761 60
1761 1766 446
60 1762 883
883 1762 1767
883 1767 228
1767 1762 447
228 1767 1768
1768 1767 1769
1768 1769 448
1769 1767 447
228 1768 887
887 1768 1770
887 1770 5
1770 1768 448
448 1769 1771
1771 1769 1763
1771 1763 115
1763 1769 447
30 1773 1751
1751 1773 1772
1751 1772 445
1772 1773 450
445 1772 1774
1774 1772 1775
1774 1775 449
1775 1772 450
445 1774 1756
1756 1774 1776
1756 1776 115
1776 1774 449
449 1775 1777
1777 1775 1778
1777 1778 116
1778 1775 450
115 1776 1779
1779 1776 1780
1779 1780 451
1780 1776 449
451 1780 1781
1781 1780 1782
1781 1782 452
1782 1780 449
451 1781 1783
1783 1781 1784
1783 1784 94
1784 1781 452
452 1782 1785
1785 1782 1777
1785 1777 116
1777 1782 449
115 1779 1771
1771 1779 1786
1771 1786 448
1786 1779 451
448 1786 1787
1787 1786 1788
1787 1788 359
1788 1786 451
448 1787 1770
1770 1787 1401
1770 1401 5
1401 1787 359
359 1788 1397
1397 1788 1783
1397 1783 94
1783 1788 451
94 1784 1396
1396 1784 1789
1396 1789 358
1789 1784 452
358 1789 1790
1790 1789 1791
1790 1791 453
1791 1789 452
358 1790 1395
1395 1790 1792
1395 1792 16
1792 1790 453
453 1791 1793
1793 1791 1785
1793 1785 116
1785 1791 452
30 1698 1773
1773 1698 1794
1773 1794 450
1794 1698 430
450 1794 1795
1795 1794 1796
1795 1796 454
1796 1794 430
450 1795 1778
1778 1795 1797
1778 1797 116
1797 1795 454
454 1796 1798
1798 1796 1703
1798 1703 111
1703 1796 430
116 1797 1799
1799 1797 1800
1799 1800 455
1800 1797 454
455 1800 1801
1801 1800 1802
1801 1802 456
1802 1800 454
455 1801 1803
1803 1801 1804
1803 1804 33
1804 1801 456
456 1802 1805
1805 1802 1798
1805 1798 111
1798 1802 454
116 1799 1793
1793 1799 1806
1793 1806 453
1806 1799 455
453 1806 1807
1807 1806 1808
1807 1808 129
1808 1806 455
453 1807 1792
1792 1807 509
1792 509 16
509 1807 129
129 1808 505
505 1808 1803
505 1803 33
1803 1808 455
33 1804 504
504 1804 1809
504 1809 128
1809 1804 456
128 1809 1810
1810 1809 1811
1810 1811 435
1811 1809 456
128 1810 503
503 1810 1718
503 1718 0
1718 1810 435
435 1811 1714
1714 1811 1805
1714 1805 111
1805 1811 456
31 1812 1814
1812 1813 1814
1812 457 1813
1813 459 1814
457 1815 1813
1815 1816 1813
1815 458 1816
1816 459 1813
457 1817 1815
1817 1818 1815
1817 117 1818
1818 458 1815
458 1819 1816
1819 1820 1816
1819 118 1820
1820 459 1816
117 1821 1818
1821 1822 1818
1821 460 1822
1822 458 1818
460 1823 1822
1823 1824 1822
1823 461 1824
1824 458 1822
460 1825 1823
1825 1826 1823
1825 109 1826
1826 461 1823
461 1827 1824
1827 1819 1824
1827 118 1819
1819 458 1824
117 1828 1821
1828 1829 1821
1828 462 1829
1829 460 1821
462 1830 1829
1830 1831 1829
1830 425 1831
1831 460 1829
462 1832 1830
1832 1677 1830
1832 6 1677
1677 425 1830
425 1673 1831
1673 1825 1831
1673 109 1825
1825 460 1831
109 1672 1826
1672 1833 1826
1672 424 1833
1833 461 1826
424 1834 1833
1834 1835 1833
1834 463 1835
1835 461 1833
424 1671 1834
1671 1836 1834
1671 8 1836
1836 463 1834
463 1837 1835
1837 1827 1835
1837 118 1827
1827 461 1835
31 1814 1839
1814 1838 1839
1814 459 1838
1838 465 1839
459 1840 1838
1840 1841 1838
1840 464 1841
1841 465 1838
459 1820 1840
1820 1842 1840
1820 118 1842
1842 464 1840
464 1843 1841
1843 1844 1841
1843 119 1844
1844 465 1841
118 1845 1842
1845 1846 1842
1845 466 1846
1846 464 1842
466 1847 1846
1847 1848 1846
1847 467 1848
1848 464 1846
466 1849 1847
1849 1850 1847
1849 113 1850
1850 467 1847
467 1851 1848
1851 1843 1848
1851 119 1843
1843 464 1848
118 1837 1845
1837 1852 1845
1837 463 1852
1852 466 1845
463 1853 1852
1853 1854 1852
1853 441 1854
1854 466 1852
463 1836 1853
1836 1741 1853
1836 8 1741
1741 441 1853
441 1742 1854
1742 1849 1854
1742 113 1849
1849 466 1854
113 1743 1850
1743 1855 1850
1743 442 1855
1855 467 1850
442 1856 1855
1856 1857 1855
1856 468 1857
1857 467 1855
442 1747 1856
1747 1858 1856
1747 11 1858
1858 468 1856
468 1859 1857
1859 1851 1857
1859 119 1851
1851 467 1857
31 1839 1861
1839 1860 1861
1839 465 1860
1860 470 1861
465 1862 1860
1862 1863 1860
1862 469 1863
1863 470 1860
465 1844 1862
1844 1864 1862
1844 119 1864
1864 469 1862
469 1865 1863
1865 1866 1863
1865 120 1866
1866 470 1863
119 1867 1864
1867 1868 1864
1867 471 1868
1868 469 1864
471 1869 1868
1869 1870 1868
1869 472 1870
1870 469 1868
471 1871 1869
1871 1872 1869
1871 68 1872
1872 472 1869
472 1873 1870
1873 1865 1870
1873 120 1865
1865 469 1870
119 1859 1867
1859 1874 1867
1859 468 1874
1874 471 1867
468 1875 1874
1875 1876 1874
1875 255 1876
1876 471 1874
468 1858 1875
1858 989 1875
1858 11 989
989 255 1875
255 985 1876
985 1871 1876
985 68 1871
1871 471 1876
68 984 1872
984 1877 1872
984 254 1877
1877 472 1872
254 1878 1877
1878 1879 1877
1878 473 1879
1879 472 1877
254 983 1878
983 1880 1878
983 4 1880
1880 473 1878
473 1881 1879
1881 1873 1879
1881 120 1873
1873 472 1879
31 1861 1883
1861 1882 1883
1861 470 1882
1882 475 1883
470 1884 1882
1884 1885 1882
1884 474 1885
1885 475 1882
470 1866 1884
1866 1886 1884
1866 120 1886
1886 474 1884
474 1887 1885
1887 1888 1885
1887 121 1888
1888 475 1885
120 1889 1886
1889 1890 1886
1889 476 1890
1890 474 1886
476 1891 1890
1891 1892 1890
1891 477 1892
1892 474 1890
476 1893 1891
1893 1894 1891
1893 100 1894
1894 477 1891
477 1895 1892
1895 1887 1892
1895 121 1887
1887 474 1892
120 1881 1889
1881 1896 1889
1881 473 1896
1896 476 1889
473 1897 1896
1897 1898 1896
1897 386 1898
1898 476 1896
473 1880 1897
1880 1515 1897
1880 4 1515
1515 386 1897
386 1511 1898
1511 1893 1898
1511 100 1893
1893 476 1898
100 1510 1894
1510 1899 1894
1510 385 1899
1899 477 1894
385 1900 1899
1900 1901 1899
1900 478 1901
1901 477 1899
385 1509 1900
1509 1902 1900
1509 19 1902
1902 478 1900
478 1903 1901
1903 1895 1901
1903 121 1895
1895 477 1901
31 1883 1812
1883 1904 1812
1883 475 1904
1904 457 1812
475 1905 1904
1905 1906 1904
1905 479 1906
1906 457 1904
475 1888 1905
1888 1907 1905
1888 121 1907
1907 479 1905
479 1908 1906
1908 1817 1906
1908 117 1817
1817 457 1906
121 1909 1907
1909 1910 1907
1909 480 1910
1910 479 1907
480 1911 1910
1911 1912 1910
1911 481 1912
1912 479 1910
480 1913 1911
1913 1914 1911
1913 81 1914
1914 481 1911
481 1915 1912
1915 1908 1912
1915 117 1908
1908 479 1912
121 1903 1909
1903 1916 1909
1903 478 1916
1916 480 1909
478 1917 1916
1917 1918 1916
1917 306 1918
1918 480 1916
478 1902 1917
1902 1187 1917
1902 19 1187
1187 306 1917
306 1183 1918
1183 1913 1918
1183 81 1913
1913 480 1918
81 1182 1914
1182 1919 1914
1182 305 1919
1919 481 1914
305 1920 1919
1920 1921 1919
1920 462 1921
1921 481 1919
305 1181 1920
1181 1832 1920
1181 6 1832
1832 462 1920
462 1828 1921
1828 1915 1921
1828 117 1915
1915 481 1921
