8.164966e-01 -3.628745e-17 -5.773503e-01
-8.164966e-01 -3.628745e-17 -5.773503e-01
5.313519e-17 8.164966e-01 5.773503e-01
5.313519e-17 -8.164966e-01 5.773503e-01
5.313519e-17 -3.628745e-17 -1.000000e+00
-7.071068e-01 7.071068e-01 4.535931e-18
7.071068e-01 7.071068e-01 4.535931e-18
5.313519e-17 -3.628745e-17 1.000000e+00
7.071068e-01 -7.071068e-01 4.535931e-18
-7.071068e-01 -7.071068e-01 4.535931e-18
4.597008e-01 -3.628745e-17 -8.880738e-01
5.000000e-01 5.000000e-01 -7.071068e-01
8.578135e-01 3.981126e-01 -3.250576e-01
-5.000000e-01 5.000000e-01 -7.071068e-01
5.313519e-17 1.000000e+00 4.535931e-18
-4.597008e-01 -3.628745e-17 -8.880738e-01
-8.578135e-01 3.981126e-01 -3.250576e-01
-3.981126e-01 8.578135e-01 3.250576e-01
3.981126e-01 8.578135e-01 3.250576e-01
1.000000e+00 -3.628745e-17 4.535931e-18
8.578135e-01 -3.981126e-01 -3.250576e-01
5.000000e-01 5.000000e-01 7.071068e-01
5.000000e-01 -5.000000e-01 7.071068e-01
5.313519e-17 4.597008e-01 8.880738e-01
5.313519e-17 -4.597008e-01 8.880738e-01
3.981126e-01 -8.578135e-01 3.250576e-01
5.000000e-01 -5.000000e-01 -7.071068e-01
5.313519e-17 -1.000000e+00 4.535931e-18
-5.000000e-01 -5.000000e-01 -7.071068e-01
-3.981126e-01 -8.578135e-01 3.250576e-01
-8.578135e-01 -3.981126e-01 -3.250576e-01
-1.000000e+00 -3.628745e-17 4.535931e-18
-5.000000e-01 -5.000000e-01 7.071068e-01
-5.000000e-01 5.000000e-01 7.071068e-01
6.567399e-01 -3.628745e-17 -7.541172e-01
7.181194e-01 2.169938e-01 -6.612248e-01
8.616113e-01 2.048715e-01 -4.643852e-01
4.978744e-01 2.593904e-01 -8.275492e-01
7.044076e-01 4.659236e-01 -5.354671e-01
2.365652e-01 -3.628745e-17 -9.716156e-01
2.705981e-01 2.705981e-01 -9.238795e-01
6.532815e-01 6.532815e-01 -3.826834e-01
8.053186e-01 5.687534e-01 -1.672768e-01
-2.705981e-01 2.705981e-01 -9.238795e-01
5.313519e-17 5.773503e-01 -8.164966e-01
-2.886751e-01 8.660254e-01 -4.082483e-01
2.886751e-01 8.660254e-01 -4.082483e-01
-6.532815e-01 6.532815e-01 -3.826834e-01
-3.826834e-01 9.238795e-01 4.535931e-18
3.826834e-01 9.238795e-01 4.535931e-18
-2.365652e-01 -3.628745e-17 -9.716156e-01
-4.978744e-01 2.593904e-01 -8.275492e-01
-7.181194e-01 2.169938e-01 -6.612248e-01
-7.044076e-01 4.659236e-01 -5.354671e-01
-6.567399e-01 -3.628745e-17 -7.541172e-01
-8.616113e-01 2.048715e-01 -4.643852e-01
-8.053186e-01 5.687534e-01 -1.672768e-01
-5.687534e-01 8.053186e-01 1.672768e-01
-2.065332e-01 9.637981e-01 1.686337e-01
5.313519e-17 9.351131e-01 3.543493e-01
2.065332e-01 9.637981e-01 1.686337e-01
-2.048715e-01 8.616113e-01 4.643852e-01
2.048715e-01 8.616113e-01 4.643852e-01
5.687534e-01 8.053186e-01 1.672768e-01
9.351131e-01 -3.628745e-17 -3.543493e-01
8.616113e-01 -2.048715e-01 -4.643852e-01
9.637981e-01 2.065332e-01 -1.686337e-01
9.637981e-01 -2.065332e-01 -1.686337e-01
9.238795e-01 3.826834e-01 4.535931e-18
9.238795e-01 -3.826834e-01 4.535931e-18
8.053186e-01 -5.687534e-01 -1.672768e-01
6.532815e-01 6.532815e-01 3.826834e-01
8.660254e-01 2.886751e-01 4.082483e-01
5.773503e-01 -3.628745e-17 8.164966e-01
8.660254e-01 -2.886751e-01 4.082483e-01
2.705981e-01 2.705981e-01 9.238795e-01
2.705981e-01 -2.705981e-01 9.238795e-01
6.532815e-01 -6.532815e-01 3.826834e-01
4.659236e-01 7.044076e-01 5.354671e-01
2.169938e-01 7.181194e-01 6.612248e-01
2.593904e-01 4.978744e-01 8.275492e-01
5.313519e-17 6.567399e-01 7.541172e-01
5.313519e-17 2.365652e-01 9.716156e-01
5.313519e-17 -2.365652e-01 9.716156e-01
2.593904e-01 -4.978744e-01 8.275492e-01
2.169938e-01 -7.181194e-01 6.612248e-01
4.659236e-01 -7.044076e-01 5.354671e-01
5.313519e-17 -6.567399e-01 7.541172e-01
2.048715e-01 -8.616113e-01 4.643852e-01
5.687534e-01 -8.053186e-01 1.672768e-01
7.181194e-01 -2.169938e-01 -6.612248e-01
7.044076e-01 -4.659236e-01 -5.354671e-01
4.978744e-01 -2.593904e-01 -8.275492e-01
6.532815e-01 -6.532815e-01 -3.826834e-01
2.705981e-01 -2.705981e-01 -9.238795e-01
3.826834e-01 -9.238795e-01 4.535931e-18
2.886751e-01 -8.660254e-01 -4.082483e-01
-2.886751e-01 -8.660254e-01 -4.082483e-01
5.313519e-17 -5.773503e-01 -8.164966e-01
-3.826834e-01 -9.238795e-01 4.535931e-18
-6.532815e-01 -6.532815e-01 -3.826834e-01
-2.705981e-01 -2.705981e-01 -9.238795e-01
2.065332e-01 -9.637981e-01 1.686337e-01
5.313519e-17 -9.351131e-01 3.543493e-01
-2.065332e-01 -9.637981e-01 1.686337e-01
-2.048715e-01 -8.616113e-01 4.643852e-01
-5.687534e-01 -8.053186e-01 1.672768e-01
-8.053186e-01 -5.687534e-01 -1.672768e-01
-7.044076e-01 -4.659236e-01 -5.354671e-01
-7.181194e-01 -2.169938e-01 -6.612248e-01
-4.978744e-01 -2.593904e-01 -8.275492e-01
-8.616113e-01 -2.048715e-01 -4.643852e-01
-9.351131e-01 -3.628745e-17 -3.543493e-01
-9.637981e-01 -2.065332e-01 -1.686337e-01
-9.637981e-01 2.065332e-01 -1.686337e-01
-9.238795e-01 -3.826834e-01 4.535931e-18
-9.238795e-01 3.826834e-01 4.535931e-18
-6.532815e-01 -6.532815e-01 3.826834e-01
-8.660254e-01 -2.886751e-01 4.082483e-01
-5.773503e-01 -3.628745e-17 8.164966e-01
-8.660254e-01 2.886751e-01 4.082483e-01
-2.705981e-01 -2.705981e-01 9.238795e-01
-2.705981e-01 2.705981e-01 9.238795e-01
-6.532815e-01 6.532815e-01 3.826834e-01
-4.659236e-01 -7.044076e-01 5.354671e-01
-2.169938e-01 -7.181194e-01 6.612248e-01
-2.593904e-01 -4.978744e-01 8.275492e-01
-2.593904e-01 4.978744e-01 8.275492e-01
-2.169938e-01 7.181194e-01 6.612248e-01
-4.659236e-01 7.044076e-01 5.354671e-01
7.419016e-01 -3.628745e-17 -6.705087e-01
7.756275e-01 1.046556e-01 -6.224542e-01
8.450721e-01 1.031704e-01 -5.246037e-01
6.925986e-01 1.093127e-01 -7.129922e-01
7.958046e-01 2.125187e-01 -5.670369e-01
5.622242e-01 -3.628745e-17 -8.269848e-01
6.014712e-01 1.108110e-01 -7.911721e-01
8.047732e-01 3.141131e-01 -5.036596e-01
8.658787e-01 3.036545e-01 -3.975525e-01
4.831806e-01 1.308852e-01 -8.656821e-01
6.140106e-01 2.405480e-01 -7.517497e-01
6.143875e-01 3.706484e-01 -6.965255e-01
7.182986e-01 3.448361e-01 -6.042642e-01
5.035151e-01 3.831790e-01 -7.743684e-01
6.077292e-01 4.873931e-01 -6.269874e-01
7.882774e-01 4.359820e-01 -4.342101e-01
3.506300e-01 -3.628745e-17 -9.365141e-01
3.746127e-01 1.323063e-01 -9.176929e-01
2.560471e-01 1.366145e-01 -9.569621e-01
3.872029e-01 2.670403e-01 -8.824757e-01
1.191310e-01 -3.628745e-17 -9.928785e-01
1.379497e-01 1.379497e-01 -9.807853e-01
3.928475e-01 3.928475e-01 -8.314696e-01
5.879378e-01 5.879378e-01 -5.555702e-01
6.840859e-01 5.639232e-01 -4.626198e-01
7.363907e-01 6.169581e-01 -2.776536e-01
7.700601e-01 5.277537e-01 -3.584459e-01
6.935199e-01 6.935199e-01 -1.950903e-01
7.616366e-01 6.425057e-01 -8.423832e-02
8.375305e-01 4.869004e-01 -2.479329e-01
-1.379497e-01 1.379497e-01 -9.807853e-01
5.313519e-17 2.810846e-01 -9.596830e-01
-1.384292e-01 4.337829e-01 -8.903200e-01
1.384292e-01 4.337829e-01 -8.903200e-01
-3.928475e-01 3.928475e-01 -8.314696e-01
-2.588190e-01 5.576775e-01 -7.886751e-01
2.588190e-01 5.576775e-01 -7.886751e-01
-4.082483e-01 7.071068e-01 -5.773503e-01
-1.507557e-01 7.537784e-01 -6.396021e-01
5.313519e-17 9.045340e-01 -4.264014e-01
1.507557e-01 7.537784e-01 -6.396021e-01
-1.494292e-01 9.659258e-01 -2.113249e-01
1.494292e-01 9.659258e-01 -2.113249e-01
4.082483e-01 7.071068e-01 -5.773503e-01
-5.879378e-01 5.879378e-01 -5.555702e-01
-4.818745e-01 7.772282e-01 -4.046150e-01
-5.380560e-01 8.191407e-01 -1.987569e-01
-3.434453e-01 9.156574e-01 -2.088466e-01
-6.935199e-01 6.935199e-01 -1.950903e-01
-5.555702e-01 8.314696e-01 4.535931e-18
-1.950903e-01 9.807853e-01 4.535931e-18
1.950903e-01 9.807853e-01 4.535931e-18
3.434453e-01 9.156574e-01 -2.088466e-01
5.380560e-01 8.191407e-01 -1.987569e-01
4.818745e-01 7.772282e-01 -4.046150e-01
5.555702e-01 8.314696e-01 4.535931e-18
-1.191310e-01 -3.628745e-17 -9.928785e-01
-2.560471e-01 1.366145e-01 -9.569621e-01
-3.746127e-01 1.323063e-01 -9.176929e-01
-3.872029e-01 2.670403e-01 -8.824757e-01
-3.506300e-01 -3.628745e-17 -9.365141e-01
-4.831806e-01 1.308852e-01 -8.656821e-01
-5.035151e-01 3.831790e-01 -7.743684e-01
-6.014712e-01 1.108110e-01 -7.911721e-01
-6.140106e-01 2.405480e-01 -7.517497e-01
-7.182986e-01 3.448361e-01 -6.042642e-01
-6.143875e-01 3.706484e-01 -6.965255e-01
-8.047732e-01 3.141131e-01 -5.036596e-01
-7.882774e-01 4.359820e-01 -4.342101e-01
-6.077292e-01 4.873931e-01 -6.269874e-01
-5.622242e-01 -3.628745e-17 -8.269848e-01
-6.925986e-01 1.093127e-01 -7.129922e-01
-7.756275e-01 1.046556e-01 -6.224542e-01
-7.958046e-01 2.125187e-01 -5.670369e-01
-7.419016e-01 -3.628745e-17 -6.705087e-01
-8.450721e-01 1.031704e-01 -5.246037e-01
-8.658787e-01 3.036545e-01 -3.975525e-01
-8.375305e-01 4.869004e-01 -2.479329e-01
-7.700601e-01 5.277537e-01 -3.584459e-01
-7.363907e-01 6.169581e-01 -2.776536e-01
-6.840859e-01 5.639232e-01 -4.626198e-01
-7.616366e-01 6.425057e-01 -8.423832e-02
-6.425057e-01 7.616366e-01 8.423832e-02
-4.803436e-01 8.730051e-01 8.445160e-02
-3.954474e-01 9.023664e-01 1.713366e-01
-2.968830e-01 9.511262e-01 8.496784e-02
-4.869004e-01 8.375305e-01 2.479329e-01
-3.050968e-01 9.191626e-01 2.491105e-01
-1.042141e-01 9.909082e-01 8.509045e-02
-2.033021e-01 9.155843e-01 3.469491e-01
-1.042880e-01 9.588466e-01 2.640779e-01
1.042880e-01 9.588466e-01 2.640779e-01
5.313519e-17 9.850358e-01 1.723496e-01
2.033021e-01 9.155843e-01 3.469491e-01
3.050968e-01 9.191626e-01 2.491105e-01
1.042141e-01 9.909082e-01 8.509045e-02
-3.036545e-01 8.658787e-01 3.975525e-01
-1.032060e-01 9.051173e-01 4.124454e-01
5.313519e-17 8.802831e-01 4.744488e-01
1.032060e-01 9.051173e-01 4.124454e-01
-1.031704e-01 8.450721e-01 5.246037e-01
1.031704e-01 8.450721e-01 5.246037e-01
3.036545e-01 8.658787e-01 3.975525e-01
4.869004e-01 8.375305e-01 2.479329e-01
3.954474e-01 9.023664e-01 1.713366e-01
4.803436e-01 8.730051e-01 8.445160e-02
2.968830e-01 9.511262e-01 8.496784e-02
6.425057e-01 7.616366e-01 8.423832e-02
8.802831e-01 -3.628745e-17 -4.744488e-01
8.450721e-01 -1.031704e-01 -5.246037e-01
9.051173e-01 1.032060e-01 -4.124454e-01
9.051173e-01 -1.032060e-01 -4.124454e-01
9.155843e-01 2.033021e-01 -3.469491e-01
9.155843e-01 -2.033021e-01 -3.469491e-01
8.658787e-01 -3.036545e-01 -3.975525e-01
9.191626e-01 3.050968e-01 -2.491105e-01
9.588466e-01 1.042880e-01 -2.640779e-01
9.850358e-01 -3.628745e-17 -1.723496e-01
9.588466e-01 -1.042880e-01 -2.640779e-01
9.909082e-01 1.042141e-01 -8.509045e-02
9.909082e-01 -1.042141e-01 -8.509045e-02
9.191626e-01 -3.050968e-01 -2.491105e-01
9.023664e-01 3.954474e-01 -1.713366e-01
8.730051e-01 4.803436e-01 -8.445160e-02
9.511262e-01 2.968830e-01 -8.496784e-02
8.314696e-01 5.555702e-01 4.535931e-18
9.807853e-01 1.950903e-01 4.535931e-18
9.807853e-01 -1.950903e-01 4.535931e-18
9.511262e-01 -2.968830e-01 -8.496784e-02
8.730051e-01 -4.803436e-01 -8.445160e-02
9.023664e-01 -3.954474e-01 -1.713366e-01
8.314696e-01 -5.555702e-01 4.535931e-18
7.616366e-01 -6.425057e-01 -8.423832e-02
8.375305e-01 -4.869004e-01 -2.479329e-01
6.935199e-01 6.935199e-01 1.950903e-01
8.191407e-01 5.380560e-01 1.987569e-01
7.772282e-01 4.818745e-01 4.046150e-01
9.156574e-01 3.434453e-01 2.088466e-01
5.879378e-01 5.879378e-01 5.555702e-01
7.071068e-01 4.082483e-01 5.773503e-01
9.659258e-01 1.494292e-01 2.113249e-01
5.576775e-01 2.588190e-01 7.886751e-01
7.537784e-01 1.507557e-01 6.396021e-01
7.537784e-01 -1.507557e-01 6.396021e-01
9.045340e-01 -3.628745e-17 4.264014e-01
5.576775e-01 -2.588190e-01 7.886751e-01
7.071068e-01 -4.082483e-01 5.773503e-01
9.659258e-01 -1.494292e-01 2.113249e-01
3.928475e-01 3.928475e-01 8.314696e-01
4.337829e-01 1.384292e-01 8.903200e-01
2.810846e-01 -3.628745e-17 9.596830e-01
4.337829e-01 -1.384292e-01 8.903200e-01
1.379497e-01 1.379497e-01 9.807853e-01
1.379497e-01 -1.379497e-01 9.807853e-01
3.928475e-01 -3.928475e-01 8.314696e-01
5.879378e-01 -5.879378e-01 5.555702e-01
7.772282e-01 -4.818745e-01 4.046150e-01
8.191407e-01 -5.380560e-01 1.987569e-01
9.156574e-01 -3.434453e-01 2.088466e-01
6.935199e-01 -6.935199e-01 1.950903e-01
6.169581e-01 7.363907e-01 2.776536e-01
5.277537e-01 7.700601e-01 3.584459e-01
5.639232e-01 6.840859e-01 4.626198e-01
4.359820e-01 7.882774e-01 4.342101e-01
4.873931e-01 6.077292e-01 6.269874e-01
3.141131e-01 8.047732e-01 5.036596e-01
3.448361e-01 7.182986e-01 6.042642e-01
2.405480e-01 6.140106e-01 7.517497e-01
3.706484e-01 6.143875e-01 6.965255e-01
1.108110e-01 6.014712e-01 7.911721e-01
1.308852e-01 4.831806e-01 8.656821e-01
3.831790e-01 5.035151e-01 7.743684e-01
2.125187e-01 7.958046e-01 5.670369e-01
1.046556e-01 7.756275e-01 6.224542e-01
1.093127e-01 6.925986e-01 7.129922e-01
5.313519e-17 7.419016e-01 6.705087e-01
5.313519e-17 5.622242e-01 8.269848e-01
5.313519e-17 3.506300e-01 9.365141e-01
1.323063e-01 3.746127e-01 9.176929e-01
1.366145e-01 2.560471e-01 9.569621e-01
2.670403e-01 3.872029e-01 8.824757e-01
5.313519e-17 1.191310e-01 9.928785e-01
5.313519e-17 -1.191310e-01 9.928785e-01
1.366145e-01 -2.560471e-01 9.569621e-01
1.323063e-01 -3.746127e-01 9.176929e-01
2.670403e-01 -3.872029e-01 8.824757e-01
5.313519e-17 -3.506300e-01 9.365141e-01
1.308852e-01 -4.831806e-01 8.656821e-01
3.831790e-01 -5.035151e-01 7.743684e-01
1.108110e-01 -6.014712e-01 7.911721e-01
2.405480e-01 -6.140106e-01 7.517497e-01
3.448361e-01 -7.182986e-01 6.042642e-01
3.706484e-01 -6.143875e-01 6.965255e-01
3.141131e-01 -8.047732e-01 5.036596e-01
4.359820e-01 -7.882774e-01 4.342101e-01
4.873931e-01 -6.077292e-01 6.269874e-01
5.313519e-17 -5.622242e-01 8.269848e-01
1.093127e-01 -6.925986e-01 7.129922e-01
1.046556e-01 -7.756275e-01 6.224542e-01
2.125187e-01 -7.958046e-01 5.670369e-01
5.313519e-17 -7.419016e-01 6.705087e-01
1.031704e-01 -8.450721e-01 5.246037e-01
3.036545e-01 -8.658787e-01 3.975525e-01
4.869004e-01 -8.375305e-01 2.479329e-01
5.277537e-01 -7.700601e-01 3.584459e-01
6.169581e-01 -7.363907e-01 2.776536e-01
5.639232e-01 -6.840859e-01 4.626198e-01
6.425057e-01 -7.616366e-01 8.423832e-02
7.756275e-01 -1.046556e-01 -6.224542e-01
7.958046e-01 -2.125187e-01 -5.670369e-01
6.925986e-01 -1.093127e-01 -7.129922e-01
8.047732e-01 -3.141131e-01 -5.036596e-01
6.014712e-01 -1.108110e-01 -7.911721e-01
7.882774e-01 -4.359820e-01 -4.342101e-01
7.182986e-01 -3.448361e-01 -6.042642e-01
6.143875e-01 -3.706484e-01 -6.965255e-01
6.140106e-01 -2.405480e-01 -7.517497e-01
6.077292e-01 -4.873931e-01 -6.269874e-01
5.035151e-01 -3.831790e-01 -7.743684e-01
4.831806e-01 -1.308852e-01 -8.656821e-01
7.700601e-01 -5.277537e-01 -3.584459e-01
7.363907e-01 -6.169581e-01 -2.776536e-01
6.840859e-01 -5.639232e-01 -4.626198e-01
6.935199e-01 -6.935199e-01 -1.950903e-01
5.879378e-01 -5.879378e-01 -5.555702e-01
3.928475e-01 -3.928475e-01 -8.314696e-01
3.872029e-01 -2.670403e-01 -8.824757e-01
2.560471e-01 -1.366145e-01 -9.569621e-01
3.746127e-01 -1.323063e-01 -9.176929e-01
1.379497e-01 -1.379497e-01 -9.807853e-01
5.555702e-01 -8.314696e-01 4.535931e-18
5.380560e-01 -8.191407e-01 -1.987569e-01
3.434453e-01 -9.156574e-01 -2.088466e-01
4.818745e-01 -7.772282e-01 -4.046150e-01
1.950903e-01 -9.807853e-01 4.535931e-18
1.494292e-01 -9.659258e-01 -2.113249e-01
4.082483e-01 -7.071068e-01 -5.773503e-01
-1.494292e-01 -9.659258e-01 -2.113249e-01
5.313519e-17 -9.045340e-01 -4.264014e-01
-1.507557e-01 -7.537784e-01 -6.396021e-01
1.507557e-01 -7.537784e-01 -6.396021e-01
-4.082483e-01 -7.071068e-01 -5.773503e-01
-2.588190e-01 -5.576775e-01 -7.886751e-01
2.588190e-01 -5.576775e-01 -7.886751e-01
-1.950903e-01 -9.807853e-01 4.535931e-18
-3.434453e-01 -9.156574e-01 -2.088466e-01
-5.380560e-01 -8.191407e-01 -1.987569e-01
-4.818745e-01 -7.772282e-01 -4.046150e-01
-5.555702e-01 -8.314696e-01 4.535931e-18
-6.935199e-01 -6.935199e-01 -1.950903e-01
-5.879378e-01 -5.879378e-01 -5.555702e-01
-3.928475e-01 -3.928475e-01 -8.314696e-01
-1.384292e-01 -4.337829e-01 -8.903200e-01
5.313519e-17 -2.810846e-01 -9.596830e-01
1.384292e-01 -4.337829e-01 -8.903200e-01
-1.379497e-01 -1.379497e-01 -9.807853e-01
4.803436e-01 -8.730051e-01 8.445160e-02
3.954474e-01 -9.023664e-01 1.713366e-01
2.968830e-01 -9.511262e-01 8.496784e-02
3.050968e-01 -9.191626e-01 2.491105e-01
1.042141e-01 -9.909082e-01 8.509045e-02
2.033021e-01 -9.155843e-01 3.469491e-01
1.042880e-01 -9.588466e-01 2.640779e-01
-1.042880e-01 -9.588466e-01 2.640779e-01
5.313519e-17 -9.850358e-01 1.723496e-01
-2.033021e-01 -9.155843e-01 3.469491e-01
-3.050968e-01 -9.191626e-01 2.491105e-01
-1.042141e-01 -9.909082e-01 8.509045e-02
1.032060e-01 -9.051173e-01 4.124454e-01
5.313519e-17 -8.802831e-01 4.744488e-01
-1.032060e-01 -9.051173e-01 4.124454e-01
-1.031704e-01 -8.450721e-01 5.246037e-01
-3.036545e-01 -8.658787e-01 3.975525e-01
-4.869004e-01 -8.375305e-01 2.479329e-01
-3.954474e-01 -9.023664e-01 1.713366e-01
-4.803436e-01 -8.730051e-01 8.445160e-02
-2.968830e-01 -9.511262e-01 8.496784e-02
-6.425057e-01 -7.616366e-01 8.423832e-02
-7.616366e-01 -6.425057e-01 -8.423832e-02
-7.363907e-01 -6.169581e-01 -2.776536e-01
-7.700601e-01 -5.277537e-01 -3.584459e-01
-6.840859e-01 -5.639232e-01 -4.626198e-01
-8.375305e-01 -4.869004e-01 -2.479329e-01
-7.882774e-01 -4.359820e-01 -4.342101e-01
-6.077292e-01 -4.873931e-01 -6.269874e-01
-8.047732e-01 -3.141131e-01 -5.036596e-01
-7.182986e-01 -3.448361e-01 -6.042642e-01
-6.140106e-01 -2.405480e-01 -7.517497e-01
-6.143875e-01 -3.706484e-01 -6.965255e-01
-6.014712e-01 -1.108110e-01 -7.911721e-01
-4.831806e-01 -1.308852e-01 -8.656821e-01
-5.035151e-01 -3.831790e-01 -7.743684e-01
-8.658787e-01 -3.036545e-01 -3.975525e-01
-7.958046e-01 -2.125187e-01 -5.670369e-01
-7.756275e-01 -1.046556e-01 -6.224542e-01
-6.925986e-01 -1.093127e-01 -7.129922e-01
-8.450721e-01 -1.031704e-01 -5.246037e-01
-3.746127e-01 -1.323063e-01 -9.176929e-01
-2.560471e-01 -1.366145e-01 -9.569621e-01
-3.872029e-01 -2.670403e-01 -8.824757e-01
-8.802831e-01 -3.628745e-17 -4.744488e-01
-9.051173e-01 -1.032060e-01 -4.124454e-01
-9.051173e-01 1.032060e-01 -4.124454e-01
-9.155843e-01 -2.033021e-01 -3.469491e-01
-9.155843e-01 2.033021e-01 -3.469491e-01
-9.191626e-01 -3.050968e-01 -2.491105e-01
-9.588466e-01 -1.042880e-01 -2.640779e-01
-9.850358e-01 -3.628745e-17 -1.723496e-01
-9.588466e-01 1.042880e-01 -2.640779e-01
-9.909082e-01 -1.042141e-01 -8.509045e-02
-9.909082e-01 1.042141e-01 -8.509045e-02
-9.191626e-01 3.050968e-01 -2.491105e-01
-9.023664e-01 -3.954474e-01 -1.713366e-01
-8.730051e-01 -4.803436e-01 -8.445160e-02
-9.511262e-01 -2.968830e-01 -8.496784e-02
-8.314696e-01 -5.555702e-01 4.535931e-18
-9.807853e-01 -1.950903e-01 4.535931e-18
-9.807853e-01 1.950903e-01 4.535931e-18
-9.511262e-01 2.968830e-01 -8.496784e-02
-8.730051e-01 4.803436e-01 -8.445160e-02
-9.023664e-01 3.954474e-01 -1.713366e-01
-8.314696e-01 5.555702e-01 4.535931e-18
-6.935199e-01 -6.935199e-01 1.950903e-01
-8.191407e-01 -5.380560e-01 1.987569e-01
-7.772282e-01 -4.818745e-01 4.046150e-01
-9.156574e-01 -3.434453e-01 2.088466e-01
-5.879378e-01 -5.879378e-01 5.555702e-01
-7.071068e-01 -4.082483e-01 5.773503e-01
-9.659258e-01 -1.494292e-01 2.113249e-01
-5.576775e-01 -2.588190e-01 7.886751e-01
-7.537784e-01 -1.507557e-01 6.396021e-01
-7.537784e-01 1.507557e-01 6.396021e-01
-9.045340e-01 -3.628745e-17 4.264014e-01
-5.576775e-01 2.588190e-01 7.886751e-01
-7.071068e-01 4.082483e-01 5.773503e-01
-9.659258e-01 1.494292e-01 2.113249e-01
-3.928475e-01 -3.928475e-01 8.314696e-01
-4.337829e-01 -1.384292e-01 8.903200e-01
-2.810846e-01 -3.628745e-17 9.596830e-01
-4.337829e-01 1.384292e-01 8.903200e-01
-1.379497e-01 -1.379497e-01 9.807853e-01
-1.379497e-01 1.379497e-01 9.807853e-01
-3.928475e-01 3.928475e-01 8.314696e-01
-5.879378e-01 5.879378e-01 5.555702e-01
-7.772282e-01 4.818745e-01 4.046150e-01
-8.191407e-01 5.380560e-01 1.987569e-01
-9.156574e-01 3.434453e-01 2.088466e-01
-6.935199e-01 6.935199e-01 1.950903e-01
-6.169581e-01 -7.363907e-01 2.776536e-01
-5.277537e-01 -7.700601e-01 3.584459e-01
-5.639232e-01 -6.840859e-01 4.626198e-01
-4.359820e-01 -7.882774e-01 4.342101e-01
-4.873931e-01 -6.077292e-01 6.269874e-01
-3.141131e-01 -8.047732e-01 5.036596e-01
-3.448361e-01 -7.182986e-01 6.042642e-01
-2.405480e-01 -6.140106e-01 7.517497e-01
-3.706484e-01 -6.143875e-01 6.965255e-01
-1.108110e-01 -6.014712e-01 7.911721e-01
-1.308852e-01 -4.831806e-01 8.656821e-01
-3.831790e-01 -5.035151e-01 7.743684e-01
-2.125187e-01 -7.958046e-01 5.670369e-01
-1.046556e-01 -7.756275e-01 6.224542e-01
-1.093127e-01 -6.925986e-01 7.129922e-01
-1.323063e-01 -3.746127e-01 9.176929e-01
-1.366145e-01 -2.560471e-01 9.569621e-01
-2.670403e-01 -3.872029e-01 8.824757e-01
-1.366145e-01 2.560471e-01 9.569621e-01
-1.323063e-01 3.746127e-01 9.176929e-01
-2.670403e-01 3.872029e-01 8.824757e-01
-1.308852e-01 4.831806e-01 8.656821e-01
-3.831790e-01 5.035151e-01 7.743684e-01
-1.108110e-01 6.014712e-01 7.911721e-01
-2.405480e-01 6.140106e-01 7.517497e-01
-3.448361e-01 7.182986e-01 6.042642e-01
-3.706484e-01 6.143875e-01 6.965255e-01
-3.141131e-01 8.047732e-01 5.036596e-01
-4.359820e-01 7.882774e-01 4.342101e-01
-4.873931e-01 6.077292e-01 6.269874e-01
-1.093127e-01 6.925986e-01 7.129922e-01
-1.046556e-01 7.756275e-01 6.224542e-01
-2.125187e-01 7.958046e-01 5.670369e-01
-5.277537e-01 7.700601e-01 3.584459e-01
-6.169581e-01 7.363907e-01 2.776536e-01
-5.639232e-01 6.840859e-01 4.626198e-01
