20 124 122
122 124 123
122 123 32
123 124 34
32 123 125
125 123 126
125 126 33
126 123 34
32 125 127
127 125 128
127 128 0
128 125 33
33 126 129
129 126 130
129 130 16
130 126 34
20 122 132
122 131 132
122 32 131
131 36 132
32 133 131
133 134 131
133 35 134
134 36 131
32 127 133
127 135 133
127 0 135
135 35 133
35 136 134
136 137 134
136 12 137
137 36 134
20 132 138
138 132 139
138 139 37
139 132 36
37 139 140
140 139 141
140 141 38
141 139 36
37 140 142
142 140 143
142 143 1
143 140 38
38 141 144
144 141 137
144 137 12
137 141 36
20 138 146
138 145 146
138 37 145
145 40 146
37 147 145
147 148 145
147 39 148
148 40 145
37 142 147
142 149 147
142 1 149
149 39 147
39 150 148
150 151 148
150 17 151
151 40 148
20 146 124
146 152 124
146 40 152
152 34 124
40 153 152
153 154 152
153 41 154
154 34 152
40 151 153
151 155 153
151 17 155
155 41 153
41 156 154
156 130 154
156 16 130
130 34 154
21 159 157
157 159 158
157 158 42
158 159 43
42 158 160
160 158 161
160 161 39
161 158 43
42 160 162
162 160 149
162 149 1
149 160 39
39 161 150
150 161 163
150 163 17
163 161 43
21 165 159
159 165 164
159 164 43
164 165 45
43 164 166
166 164 167
166 167 44
167 164 45
43 166 163
163 166 168
163 168 17
168 166 44
44 167 169
169 167 170
169 170 2
170 167 45
21 172 165
165 172 171
165 171 45
171 172 47
45 171 173
173 171 174
173 174 46
174 171 47
45 173 170
170 173 175
170 175 2
175 173 46
46 174 176
176 174 177
176 177 10
177 174 47
21 179 172
172 179 178
172 178 47
178 179 49
47 178 180
180 178 181
180 181 48
181 178 49
47 180 177
177 180 182
177 182 10
182 180 48
48 181 183
183 181 184
183 184 9
184 181 49
21 157 179
179 157 185
179 185 49
185 157 42
49 185 186
186 185 187
186 187 50
187 185 42
49 186 184
184 186 188
184 188 9
188 186 50
50 187 189
189 187 162
189 162 1
162 187 42
22 190 192
190 191 192
190 51 191
191 52 192
51 193 191
193 194 191
193 38 194
194 52 191
51 195 193
195 143 193
195 1 143
143 38 193
38 144 194
144 196 194
144 12 196
196 52 194
22 192 198
192 197 198
192 52 197
197 54 198
52 199 197
199 200 197
199 53 200
200 54 197
52 196 199
196 201 199
196 12 201
201 53 199
53 202 200
202 203 200
202 15 203
203 54 200
22 198 205
198 204 205
198 54 204
204 56 205
54 206 204
206 207 204
206 55 207
207 56 204
54 203 206
203 208 206
203 15 208
208 55 206
55 209 207
209 210 207
209 7 210
210 56 207
22 205 212
205 211 212
205 56 211
211 58 212
56 213 211
213 214 211
213 57 214
214 58 211
56 210 213
210 215 213
210 7 215
215 57 213
57 216 214
216 217 214
216 9 217
217 58 214
22 212 190
212 218 190
212 58 218
218 51 190
58 219 218
219 220 218
219 50 220
220 51 218
58 217 219
217 188 219
217 9 188
188 50 219
50 189 220
189 195 220
189 1 195
195 51 220
23 221 223
221 222 223
221 59 222
222 61 223
59 224 222
224 225 222
224 60 225
225 61 222
59 226 224
226 227 224
226 11 227
227 60 224
60 228 225
228 229 225
228 5 229
229 61 225
23 223 231
223 230 231
223 61 230
230 63 231
61 232 230
232 233 230
232 62 233
233 63 230
61 229 232
229 234 232
229 5 234
234 62 232
62 235 233
235 236 233
235 13 236
236 63 233
23 231 238
231 237 238
231 63 237
237 65 238
63 239 237
239 240 237
239 64 240
240 65 237
63 236 239
236 241 239
236 13 241
241 64 239
64 242 240
242 243 240
242 14 243
243 65 240
23 238 245
238 244 245
238 65 244
244 67 245
65 246 244
246 247 244
246 66 247
247 67 244
65 243 246
243 248 246
243 14 248
248 66 246
66 249 247
249 250 247
249 4 250
250 67 247
23 245 221
245 251 221
245 67 251
251 59 221
67 252 251
252 253 251
252 68 253
253 59 251
67 250 252
250 254 252
250 4 254
254 68 252
68 255 253
255 226 253
255 11 226
226 59 253
24 258 256
256 258 257
256 257 69
257 258 71
69 257 259
259 257 260
259 260 70
260 257 71
69 259 261
261 259 262
261 262 18
262 259 70
70 260 263
263 260 264
263 264 7
264 260 71
24 266 258
258 266 265
258 265 71
265 266 72
71 265 267
267 265 268
267 268 57
268 265 72
71 267 264
264 267 215
264 215 7
215 267 57
57 268 216
216 268 269
216 269 9
269 268 72
24 271 266
266 271 270
266 270 72
270 271 73
72 270 272
272 270 273
272 273 48
273 270 73
72 272 269
269 272 183
269 183 9
183 272 48
48 273 182
182 273 274
182 274 10
274 273 73
24 276 271
271 276 275
271 275 73
275 276 75
73 275 277
277 275 278
277 278 74
278 275 75
73 277 274
274 277 279
274 279 10
279 277 74
74 278 280
280 278 281
280 281 3
281 278 75
24 256 276
276 256 282
276 282 75
282 256 69
75 282 283
283 282 284
283 284 76
284 282 69
75 283 281
281 283 285
281 285 3
285 283 76
76 284 286
286 284 261
286 261 18
261 284 69
25 287 289
287 288 289
287 77 288
288 78 289
77 290 288
290 291 288
290 55 291
291 78 288
77 292 290
292 209 290
292 7 209
209 55 290
55 208 291
208 293 291
208 15 293
293 78 291
25 289 295
289 294 295
289 78 294
294 80 295
78 296 294
296 297 294
296 79 297
297 80 294
78 293 296
293 298 296
293 15 298
298 79 296
79 299 297
299 300 297
299 6 300
300 80 297
25 295 302
295 301 302
295 80 301
301 82 302
80 303 301
303 304 301
303 81 304
304 82 301
80 300 303
300 305 303
300 6 305
305 81 303
81 306 304
306 307 304
306 19 307
307 82 304
25 302 309
302 308 309
302 82 308
308 84 309
82 310 308
310 311 308
310 83 311
311 84 308
82 307 310
307 312 310
307 19 312
312 83 310
83 313 311
313 314 311
313 18 314
314 84 311
25 309 287
287 309 315
287 315 77
315 309 84
77 315 316
316 315 317
316 317 70
317 315 84
77 316 292
292 316 263
292 263 7
263 316 70
70 317 262
262 317 314
262 314 18
314 317 84
26 320 318
318 320 319
318 319 85
319 320 86
85 319 321
321 319 322
321 322 46
322 319 86
85 321 323
323 321 176
323 176 10
176 321 46
46 322 175
175 322 324
175 324 2
324 322 86
26 326 320
320 326 325
320 325 86
325 326 88
86 325 327
327 325 328
327 328 87
328 325 88
86 327 324
324 327 329
324 329 2
329 327 87
87 328 330
330 328 331
330 331 13
331 328 88
26 333 326
326 333 332
326 332 88
332 333 89
88 332 334
334 332 335
334 335 64
335 332 89
88 334 331
331 334 241
331 241 13
241 334 64
64 335 242
242 335 336
242 336 14
336 335 89
26 338 333
333 338 337
333 337 89
337 338 91
89 337 339
339 337 340
339 340 90
340 337 91
89 339 336
336 339 341
336 341 14
341 339 90
90 340 342
342 340 343
342 343 3
343 340 91
26 318 338
338 318 344
338 344 91
344 318 85
91 344 345
345 344 346
345 346 74
346 344 85
91 345 343
343 345 280
343 280 3
280 345 74
74 346 279
279 346 323
279 323 10
323 346 85
27 349 347
347 349 348
347 348 92
348 349 93
92 348 350
350 348 351
350 351 41
351 348 93
92 350 352
352 350 155
352 155 17
155 350 41
41 351 156
156 351 353
156 353 16
353 351 93
27 355 349
349 355 354
349 354 93
354 355 95
93 354 356
356 354 357
356 357 94
357 354 95
93 356 353
353 356 358
353 358 16
358 356 94
94 357 359
359 357 360
359 360 5
360 357 95
27 362 355
355 362 361
355 361 95
361 362 96
95 361 363
363 361 364
363 364 62
364 361 96
95 363 360
360 363 234
360 234 5
234 363 62
62 364 235
235 364 365
235 365 13
365 364 96
27 367 362
362 367 366
362 366 96
366 367 97
96 366 368
368 366 369
368 369 87
369 366 97
96 368 365
365 368 330
365 330 13
330 368 87
87 369 329
329 369 370
329 370 2
370 369 97
27 347 367
367 347 371
367 371 97
371 347 92
97 371 372
372 371 373
372 373 44
373 371 92
97 372 370
370 372 169
370 169 2
169 372 44
44 373 168
168 373 352
168 352 17
352 373 92
28 374 376
374 375 376
374 98 375
375 99 376
98 377 375
377 378 375
377 83 378
378 99 375
98 379 377
379 313 377
379 18 313
313 83 377
83 312 378
312 380 378
312 19 380
380 99 378
28 376 382
376 381 382
376 99 381
381 101 382
99 383 381
383 384 381
383 100 384
384 101 381
99 380 383
380 385 383
380 19 385
385 100 383
100 386 384
386 387 384
386 4 387
387 101 384
28 382 389
382 388 389
382 101 388
388 102 389
101 390 388
390 391 388
390 66 391
391 102 388
101 387 390
387 249 390
387 4 249
249 66 390
66 248 391
248 392 391
248 14 392
392 102 391
28 389 394
389 393 394
389 102 393
393 103 394
102 395 393
395 396 393
395 90 396
396 103 393
102 392 395
392 341 395
392 14 341
341 90 395
90 342 396
342 397 396
342 3 397
397 103 396
28 394 374
394 398 374
394 103 398
398 98 374
103 399 398
399 400 398
399 76 400
400 98 398
103 397 399
397 285 399
397 3 285
285 76 399
76 286 400
286 379 400
286 18 379
379 98 400
29 401 403
401 402 403
401 104 402
402 105 403
104 404 402
404 405 402
404 53 405
405 105 402
104 406 404
406 202 404
406 15 202
202 53 404
53 201 405
201 407 405
201 12 407
407 105 405
29 403 409
403 408 409
403 105 408
408 106 409
105 410 408
410 411 408
410 35 411
411 106 408
105 407 410
407 136 410
407 12 136
136 35 410
35 135 411
135 412 411
135 0 412
412 106 411
29 409 414
409 413 414
409 106 413
413 108 414
106 415 413
415 416 413
415 107 416
416 108 413
106 412 415
412 417 415
412 0 417
417 107 415
107 418 416
418 419 416
418 8 419
419 108 416
29 414 421
414 420 421
414 108 420
420 110 421
108 422 420
422 423 420
422 109 423
423 110 420
108 419 422
419 424 422
419 8 424
424 109 422
109 425 423
425 426 423
425 6 426
426 110 423
29 421 401
421 427 401
421 110 427
427 104 401
110 428 427
428 429 427
428 79 429
429 104 427
110 426 428
426 299 428
426 6 299
299 79 428
79 298 429
298 406 429
298 15 406
406 104 429
30 432 430
430 432 431
430 431 111
431 432 112
111 431 433
433 431 434
433 434 107
434 431 112
111 433 435
435 433 417
435 417 0
417 433 107
107 434 418
418 434 436
418 436 8
436 434 112
30 438 432
432 438 437
432 437 112
437 438 114
112 437 439
439 437 440
439 440 113
440 437 114
112 439 436
436 439 441
436 441 8
441 439 113
113 440 442
442 440 443
442 443 11
443 440 114
30 445 438
438 445 444
438 444 114
444 445 115
114 444 446
446 444 447
446 447 60
447 444 115
114 446 443
443 446 227
443 227 11
227 446 60
60 447 228
228 447 448
228 448 5
448 447 115
30 450 445
445 450 449
445 449 115
449 450 116
115 449 451
451 449 452
451 452 94
452 449 116
115 451 448
448 451 359
448 359 5
359 451 94
94 452 358
358 452 453
358 453 16
453 452 116
30 430 450
450 430 454
450 454 116
454 430 111
116 454 455
455 454 456
455 456 33
456 454 111
116 455 453
453 455 129
453 129 16
129 455 33
33 456 128
128 456 435
128 435 0
435 456 111
31 457 459
457 458 459
457 117 458
458 118 459
117 460 458
460 461 458
460 109 461
461 118 458
117 462 460
462 425 460
462 6 425
425 109 460
109 424 461
424 463 461
424 8 463
463 118 461
31 459 465
459 464 465
459 118 464
464 119 465
118 466 464
466 467 464
466 113 467
467 119 464
118 463 466
463 441 466
463 8 441
441 113 466
113 442 467
442 468 467
442 11 468
468 119 467
31 465 470
465 469 470
465 119 469
469 120 470
119 471 469
471 472 469
471 68 472
472 120 469
119 468 471
468 255 471
468 11 255
255 68 471
68 254 472
254 473 472
254 4 473
473 120 472
31 470 475
470 474 475
470 120 474
474 121 475
120 476 474
476 477 474
476 100 477
477 121 474
120 473 476
473 386 476
473 4 386
386 100 476
100 385 477
385 478 477
385 19 478
478 121 477
31 475 457
475 479 457
475 121 479
479 117 457
121 480 479
480 481 479
480 81 481
481 117 479
121 478 480
478 306 480
478 19 306
306 81 480
81 305 481
305 462 481
305 6 462
462 117 481
