0 516 514
514 516 515
514 515 130
515 516 132
130 515 517
517 515 518
517 518 131
518 515 132
130 517 519
519 517 520
519 520 34
520 517 131
131 518 521
521 518 522
521 522 36
522 518 132
34 520 523
523 520 524
523 524 133
524 520 131
133 524 525
525 524 526
525 526 134
526 524 131
133 525 527
527 525 528
527 528 35
528 525 134
134 526 529
529 526 521
529 521 36
521 526 131
34 523 530
530 523 531
530 531 135
531 523 133
135 531 532
532 531 533
532 533 136
533 531 133
135 532 534
534 532 535
534 535 10
535 532 136
136 533 536
536 533 527
536 527 35
527 533 133
35 528 537
537 528 538
537 538 137
538 528 134
137 538 539
539 538 540
539 540 138
540 538 134
137 539 541
541 539 542
541 542 12
542 539 138
138 540 543
543 540 529
543 529 36
529 540 134
10 535 544
544 535 545
544 545 139
545 535 136
139 545 546
546 545 547
546 547 140
547 545 136
139 546 548
548 546 549
548 549 37
549 546 140
140 547 550
550 547 536
550 536 35
536 547 136
37 549 551
551 549 552
551 552 141
552 549 140
141 552 553
553 552 554
553 554 142
554 552 140
141 553 555
555 553 556
555 556 38
556 553 142
142 554 557
557 554 550
557 550 35
550 554 140
37 551 558
558 551 559
558 559 143
559 551 141
143 559 560
560 559 561
560 561 144
561 559 141
143 560 562
562 560 563
562 563 11
563 560 144
144 561 564
564 561 555
564 555 38
555 561 141
38 556 565
565 556 566
565 566 145
566 556 142
145 566 567
567 566 568
567 568 137
568 566 142
145 567 569
569 567 541
569 541 12
541 567 137
137 568 537
537 568 557
537 557 35
557 568 142
10 544 570
570 544 571
570 571 146
571 544 139
146 571 572
572 571 573
572 573 147
573 571 139
146 572 574
574 572 575
574 575 39
575 572 147
147 573 576
576 573 548
576 548 37
548 573 139
39 575 577
577 575 578
577 578 148
578 575 147
148 578 579
579 578 580
579 580 149
580 578 147
148 579 581
581 579 582
581 582 40
582 579 149
149 580 583
583 580 576
583 576 37
576 580 147
39 577 584
584 577 585
584 585 150
585 577 148
150 585 586
586 585 587
586 587 151
587 585 148
150 586 588
588 586 589
588 589 4
589 586 151
151 587 590
590 587 581
590 581 40
581 587 148
40 582 591
591 582 592
591 592 152
592 582 149
152 592 593
593 592 594
593 594 143
594 592 149
152 593 595
595 593 562
595 562 11
562 593 143
143 594 558
558 594 583
558 583 37
583 594 149
11 563 596
596 563 597
596 597 153
597 563 144
153 597 598
598 597 599
598 599 154
599 597 144
153 598 600
600 598 601
600 601 41
601 598 154
154 599 602
602 599 564
602 564 38
564 599 144
41 601 603
603 601 604
603 604 155
604 601 154
155 604 605
605 604 606
605 606 156
606 604 154
155 605 607
607 605 608
607 608 42
608 605 156
156 606 609
609 606 602
609 602 38
602 606 154
41 603 610
610 603 611
610 611 157
611 603 155
157 611 612
612 611 613
612 613 158
613 611 155
157 612 614
614 612 615
614 615 6
615 612 158
158 613 616
616 613 607
616 607 42
607 613 155
42 608 617
617 608 618
617 618 159
618 608 156
159 618 619
619 618 620
619 620 145
620 618 156
159 619 621
621 619 569
621 569 12
569 619 145
145 620 565
565 620 609
565 609 38
609 620 156
4 589 622
622 589 623
622 623 160
623 589 151
160 623 624
624 623 625
624 625 161
625 623 151
160 624 626
626 624 627
626 627 43
627 624 161
161 625 628
628 625 590
628 590 40
590 625 151
43 627 629
629 627 630
629 630 162
630 627 161
162 630 631
631 630 632
631 632 163
632 630 161
162 631 633
633 631 634
633 634 44
634 631 163
163 632 635
635 632 628
635 628 40
628 632 161
43 629 636
636 629 637
636 637 164
637 629 162
164 637 638
638 637 639
638 639 165
639 637 162
164 638 640
640 638 641
640 641 13
641 638 165
165 639 642
642 639 633
642 633 44
633 639 162
44 634 643
643 634 644
643 644 166
644 634 163
166 644 645
645 644 646
645 646 152
646 644 163
166 645 647
647 645 595
647 595 11
595 645 152
152 646 591
591 646 635
591 635 40
635 646 163
13 641 648
648 641 649
648 649 167
649 641 165
167 649 650
650 649 651
650 651 168
651 649 165
167 650 652
652 650 653
652 653 45
653 650 168
168 651 654
654 651 642
654 642 44
642 651 165
45 653 655
655 653 656
655 656 169
656 653 168
169 656 657
657 656 658
657 658 170
658 656 168
169 657 659
659 657 660
659 660 46
660 657 170
170 658 661
661 658 654
661 654 44
654 658 168
45 655 662
662 655 663
662 663 171
663 655 169
171 663 664
664 663 665
664 665 172
665 663 169
171 664 666
666 664 667
666 667 14
667 664 172
172 665 668
668 665 659
668 659 46
659 665 169
46 660 669
669 660 670
669 670 173
670 660 170
173 670 671
671 670 672
671 672 166
672 670 170
173 671 673
673 671 647
673 647 11
647 671 166
166 672 643
643 672 661
643 661 44
661 672 170
13 648 674
674 648 675
674 675 174
675 648 167
174 675 676
676 675 677
676 677 175
677 675 167
174 676 678
678 676 679
678 679 47
679 676 175
175 677 680
680 677 652
680 652 45
652 677 167
47 679 681
681 679 682
681 682 176
682 679 175
176 682 683
683 682 684
683 684 177
684 682 175
176 683 685
685 683 686
685 686 48
686 683 177
177 684 687
687 684 680
687 680 45
680 684 175
47 681 688
688 681 689
688 689 178
689 681 176
178 689 690
690 689 691
690 691 179
691 689 176
178 690 692
692 690 693
692 693 5
693 690 179
179 691 694
694 691 685
694 685 48
685 691 176
48 686 695
695 686 696
695 696 180
696 686 177
180 696 697
697 696 698
697 698 171
698 696 177
180 697 699
699 697 666
699 666 14
666 697 171
171 698 662
662 698 687
662 687 45
687 698 177
14 667 700
700 667 701
700 701 181
701 667 172
181 701 702
702 701 703
702 703 182
703 701 172
181 702 704
704 702 705
704 705 49
705 702 182
182 703 706
706 703 668
706 668 46
668 703 172
49 705 707
707 705 708
707 708 183
708 705 182
183 708 709
709 708 710
709 710 184
710 708 182
183 709 711
711 709 712
711 712 41
712 709 184
184 710 713
713 710 706
713 706 46
706 710 182
49 707 714
714 707 715
714 715 185
715 707 183
185 715 716
716 715 717
716 717 157
717 715 183
185 716 718
718 716 614
718 614 6
614 716 157
157 717 610
610 717 711
610 711 41
711 717 183
41 712 600
600 712 719
600 719 153
719 712 184
153 719 720
720 719 721
720 721 173
721 719 184
153 720 596
596 720 673
596 673 11
673 720 173
173 721 669
669 721 713
669 713 46
713 721 184
4 622 722
722 622 723
722 723 186
723 622 160
186 723 724
724 723 725
724 725 187
725 723 160
186 724 726
726 724 727
726 727 50
727 724 187
187 725 728
728 725 626
728 626 43
626 725 160
50 727 729
729 727 730
729 730 188
730 727 187
188 730 731
731 730 732
731 732 189
732 730 187
188 731 733
733 731 734
733 734 51
734 731 189
189 732 735
735 732 728
735 728 43
728 732 187
50 729 736
736 729 737
736 737 190
737 729 188
190 737 738
738 737 739
738 739 191
739 737 188
190 738 740
740 738 741
740 741 15
741 738 191
191 739 742
742 739 733
742 733 51
733 739 188
51 734 743
743 734 744
743 744 192
744 734 189
192 744 745
745 744 746
745 746 164
746 744 189
192 745 747
747 745 640
747 640 13
640 745 164
164 746 636
636 746 735
636 735 43
735 746 189
15 741 748
748 741 749
748 749 193
749 741 191
193 749 750
750 749 751
750 751 194
751 749 191
193 750 752
752 750 753
752 753 52
753 750 194
194 751 754
754 751 742
754 742 51
742 751 191
52 753 755
755 753 756
755 756 195
756 753 194
195 756 757
757 756 758
757 758 196
758 756 194
195 757 759
759 757 760
759 760 53
760 757 196
196 758 761
761 758 754
761 754 51
754 758 194
52 755 762
762 755 763
762 763 197
763 755 195
197 763 764
764 763 765
764 765 198
765 763 195
197 764 766
766 764 767
766 767 16
767 764 198
198 765 768
768 765 759
768 759 53
759 765 195
53 760 769
769 760 770
769 770 199
770 760 196
199 770 771
771 770 772
771 772 192
772 770 196
199 771 773
773 771 747
773 747 13
747 771 192
192 772 743
743 772 761
743 761 51
761 772 196
15 748 774
774 748 775
774 775 200
775 748 193
200 775 776
776 775 777
776 777 201
777 775 193
200 776 778
778 776 779
778 779 54
779 776 201
201 777 780
780 777 752
780 752 52
752 777 193
54 779 781
781 779 782
781 782 202
782 779 201
202 782 783
783 782 784
783 784 203
784 782 201
202 783 785
785 783 786
785 786 55
786 783 203
203 784 787
787 784 780
787 780 52
780 784 201
54 781 788
788 781 789
788 789 204
789 781 202
204 789 790
790 789 791
790 791 205
791 789 202
204 790 792
792 790 793
792 793 1
793 790 205
205 791 794
794 791 785
794 785 55
785 791 202
55 786 795
795 786 796
795 796 206
796 786 203
206 796 797
797 796 798
797 798 197
798 796 203
206 797 799
799 797 766
799 766 16
766 797 197
197 798 762
762 798 787
762 787 52
787 798 203
16 767 800
800 767 801
800 801 207
801 767 198
207 801 802
802 801 803
802 803 208
803 801 198
207 802 804
804 802 805
804 805 56
805 802 208
208 803 806
806 803 768
806 768 53
768 803 198
56 805 807
807 805 808
807 808 209
808 805 208
209 808 809
809 808 810
809 810 210
810 808 208
209 809 811
811 809 812
811 812 47
812 809 210
210 810 813
813 810 806
813 806 53
806 810 208
56 807 814
814 807 815
814 815 211
815 807 209
211 815 816
816 815 817
816 817 178
817 815 209
211 816 818
818 816 692
818 692 5
692 816 178
178 817 688
688 817 811
688 811 47
811 817 209
47 812 678
678 812 819
678 819 174
819 812 210
174 819 820
820 819 821
820 821 199
821 819 210
174 820 674
674 820 773
674 773 13
773 820 199
199 821 769
769 821 813
769 813 53
813 821 210
5 693 822
822 693 823
822 823 212
823 693 179
212 823 824
824 823 825
824 825 213
825 823 179
212 824 826
826 824 827
826 827 57
827 824 213
213 825 828
828 825 694
828 694 48
694 825 179
57 827 829
829 827 830
829 830 214
830 827 213
214 830 831
831 830 832
831 832 215
832 830 213
214 831 833
833 831 834
833 834 58
834 831 215
215 832 835
835 832 828
835 828 48
828 832 213
57 829 836
836 829 837
836 837 216
837 829 214
216 837 838
838 837 839
838 839 217
839 837 214
216 838 840
840 838 841
840 841 17
841 838 217
217 839 842
842 839 833
842 833 58
833 839 214
58 834 843
843 834 844
843 844 218
844 834 215
218 844 845
845 844 846
845 846 180
846 844 215
218 845 847
847 845 699
847 699 14
699 845 180
180 846 695
695 846 835
695 835 48
835 846 215
17 841 848
848 841 849
848 849 219
849 841 217
219 849 850
850 849 851
850 851 220
851 849 217
219 850 852
852 850 853
852 853 59
853 850 220
220 851 854
854 851 842
854 842 58
842 851 217
59 853 855
855 853 856
855 856 221
856 853 220
221 856 857
857 856 858
857 858 222
858 856 220
221 857 859
859 857 860
859 860 60
860 857 222
222 858 861
861 858 854
861 854 58
854 858 220
59 855 862
862 855 863
862 863 223
863 855 221
223 863 864
864 863 865
864 865 224
865 863 221
223 864 866
866 864 867
866 867 18
867 864 224
224 865 868
868 865 859
868 859 60
859 865 221
60 860 869
869 860 870
869 870 225
870 860 222
225 870 871
871 870 872
871 872 218
872 870 222
225 871 873
873 871 847
873 847 14
847 871 218
218 872 843
843 872 861
843 861 58
861 872 222
17 848 874
874 848 875
874 875 226
875 848 219
226 875 876
876 875 877
876 877 227
877 875 219
226 876 878
878 876 879
878 879 61
879 876 227
227 877 880
880 877 852
880 852 59
852 877 219
61 879 881
881 879 882
881 882 228
882 879 227
228 882 883
883 882 884
883 884 229
884 882 227
228 883 885
885 883 886
885 886 62
886 883 229
229 884 887
887 884 880
887 880 59
880 884 227
61 881 888
888 881 889
888 889 230
889 881 228
230 889 890
890 889 891
890 891 231
891 889 228
230 890 892
892 890 893
892 893 2
893 890 231
231 891 894
894 891 885
894 885 62
885 891 228
62 886 895
895 886 896
895 896 232
896 886 229
232 896 897
897 896 898
897 898 223
898 896 229
232 897 899
899 897 866
899 866 18
866 897 223
223 898 862
862 898 887
862 887 59
887 898 229
18 867 900
900 867 901
900 901 233
901 867 224
233 901 902
902 901 903
902 903 234
903 901 224
233 902 904
904 902 905
904 905 63
905 902 234
234 903 906
906 903 868
906 868 60
868 903 224
63 905 907
907 905 908
907 908 235
908 905 234
235 908 909
909 908 910
909 910 236
910 908 234
235 909 911
911 909 912
911 912 49
912 909 236
236 910 913
913 910 906
913 906 60
906 910 234
63 907 914
914 907 915
914 915 237
915 907 235
237 915 916
916 915 917
916 917 185
917 915 235
237 916 918
918 916 718
918 718 6
718 916 185
185 917 714
714 917 911
714 911 49
911 917 235
49 912 704
704 912 919
704 919 181
919 912 236
181 919 920
920 919 921
920 921 225
921 919 236
181 920 700
700 920 873
700 873 14
873 920 225
225 921 869
869 921 913
869 913 60
913 921 236
0 923 516
516 923 922
516 922 132
922 923 239
132 922 924
924 922 925
924 925 238
925 922 239
132 924 522
522 924 926
522 926 36
926 924 238
238 925 927
927 925 928
927 928 65
928 925 239
36 926 929
929 926 930
929 930 240
930 926 238
240 930 931
931 930 932
931 932 241
932 930 238
240 931 933
933 931 934
933 934 64
934 931 241
241 932 935
935 932 927
935 927 65
927 932 238
36 929 543
543 929 936
543 936 138
936 929 240
138 936 937
937 936 938
937 938 242
938 936 240
138 937 542
542 937 939
542 939 12
939 937 242
242 938 940
940 938 933
940 933 64
933 938 240
64 934 941
941 934 942
941 942 243
942 934 241
243 942 943
943 942 944
943 944 244
944 942 241
243 943 945
945 943 946
945 946 20
946 943 244
244 944 947
947 944 935
947 935 65
935 944 241
12 939 948
948 939 949
948 949 245
949 939 242
245 949 950
950 949 951
950 951 246
951 949 242
245 950 952
952 950 953
952 953 66
953 950 246
246 951 954
954 951 940
954 940 64
940 951 242
66 953 955
955 953 956
955 956 247
956 953 246
247 956 957
957 956 958
957 958 248
958 956 246
247 957 959
959 957 960
959 960 67
960 957 248
248 958 961
961 958 954
961 954 64
954 958 246
66 955 962
962 955 963
962 963 249
963 955 247
249 963 964
964 963 965
964 965 250
965 963 247
249 964 966
966 964 967
966 967 19
967 964 250
250 965 968
968 965 959
968 959 67
959 965 247
67 960 969
969 960 970
969 970 251
970 960 248
251 970 971
971 970 972
971 972 243
972 970 248
251 971 973
973 971 945
973 945 20
945 971 243
243 972 941
941 972 961
941 961 64
961 972 248
12 948 621
621 948 974
621 974 159
974 948 245
159 974 975
975 974 976
975 976 252
976 974 245
159 975 617
617 975 977
617 977 42
977 975 252
252 976 978
978 976 952
978 952 66
952 976 245
42 977 979
979 977 980
979 980 253
980 977 252
253 980 981
981 980 982
981 982 254
982 980 252
253 981 983
983 981 984
983 984 68
984 981 254
254 982 985
985 982 978
985 978 66
978 982 252
42 979 616
616 979 986
616 986 158
986 979 253
158 986 987
987 986 988
987 988 255
988 986 253
158 987 615
615 987 989
615 989 6
989 987 255
255 988 990
990 988 983
990 983 68
983 988 253
68 984 991
991 984 992
991 992 256
992 984 254
256 992 993
993 992 994
993 994 249
994 992 254
256 993 995
995 993 966
995 966 19
966 993 249
249 994 962
962 994 985
962 985 66
985 994 254
19 967 996
996 967 997
996 997 257
997 967 250
257 997 998
998 997 999
998 999 258
999 997 250
257 998 1000
1000 998 1001
1000 1001 69
1001 998 258
258 999 1002
1002 999 968
1002 968 67
968 999 250
69 1001 1003
1003 1001 1004
1003 1004 259
1004 1001 258
259 1004 1005
1005 1004 1006
1005 1006 260
1006 1004 258
259 1005 1007
1007 1005 1008
1007 1008 70
1008 1005 260
260 1006 1009
1009 1006 1002
1009 1002 67
1002 1006 258
69 1003 1010
1010 1003 1011
1010 1011 261
1011 1003 259
261 1011 1012
1012 1011 1013
1012 1013 262
1013 1011 259
261 1012 1014
1014 1012 1015
1014 1015 8
1015 1012 262
262 1013 1016
1016 1013 1007
1016 1007 70
1007 1013 259
70 1008 1017
1017 1008 1018
1017 1018 263
1018 1008 260
263 1018 1019
1019 1018 1020
1019 1020 251
1020 1018 260
263 1019 1021
1021 1019 973
1021 973 20
973 1019 251
251 1020 969
969 1020 1009
969 1009 67
1009 1020 260
6 989 1022
1022 989 1023
1022 1023 264
1023 989 255
264 1023 1024
1024 1023 1025
1024 1025 265
1025 1023 255
264 1024 1026
1026 1024 1027
1026 1027 71
1027 1024 265
265 1025 1028
1028 1025 990
1028 990 68
990 1025 255
71 1027 1029
1029 1027 1030
1029 1030 266
1030 1027 265
266 1030 1031
1031 1030 1032
1031 1032 267
1032 1030 265
266 1031 1033
1033 1031 1034
1033 1034 72
1034 1031 267
267 1032 1035
1035 1032 1028
1035 1028 68
1028 1032 265
71 1029 1036
1036 1029 1037
1036 1037 268
1037 1029 266
268 1037 1038
1038 1037 1039
1038 1039 269
1039 1037 266
268 1038 1040
1040 1038 1041
1040 1041 21
1041 1038 269
269 1039 1042
1042 1039 1033
1042 1033 72
1033 1039 266
72 1034 1043
1043 1034 1044
1043 1044 270
1044 1034 267
270 1044 1045
1045 1044 1046
1045 1046 256
1046 1044 267
270 1045 1047
1047 1045 995
1047 995 19
995 1045 256
256 1046 991
991 1046 1035
991 1035 68
1035 1046 267
21 1041 1048
1048 1041 1049
1048 1049 271
1049 1041 269
271 1049 1050
1050 1049 1051
1050 1051 272
1051 1049 269
271 1050 1052
1052 1050 1053
1052 1053 73
1053 1050 272
272 1051 1054
1054 1051 1042
1054 1042 72
1042 1051 269
73 1053 1055
1055 1053 1056
1055 1056 273
1056 1053 272
273 1056 1057
1057 1056 1058
1057 1058 274
1058 1056 272
273 1057 1059
1059 1057 1060
1059 1060 74
1060 1057 274
274 1058 1061
1061 1058 1054
1061 1054 72
1054 1058 272
73 1055 1062
1062 1055 1063
1062 1063 275
1063 1055 273
275 1063 1064
1064 1063 1065
1064 1065 276
1065 1063 273
275 1064 1066
1066 1064 1067
1066 1067 22
1067 1064 276
276 1065 1068
1068 1065 1059
1068 1059 74
1059 1065 273
74 1060 1069
1069 1060 1070
1069 1070 277
1070 1060 274
277 1070 1071
1071 1070 1072
1071 1072 270
1072 1070 274
277 1071 1073
1073 1071 1047
1073 1047 19
1047 1071 270
270 1072 1043
1043 1072 1061
1043 1061 72
1061 1072 274
21 1048 1074
1074 1048 1075
1074 1075 278
1075 1048 271
278 1075 1076
1076 1075 1077
1076 1077 279
1077 1075 271
278 1076 1078
1078 1076 1079
1078 1079 75
1079 1076 279
279 1077 1080
1080 1077 1052
1080 1052 73
1052 1077 271
75 1079 1081
1081 1079 1082
1081 1082 280
1082 1079 279
280 1082 1083
1083 1082 1084
1083 1084 281
1084 1082 279
280 1083 1085
1085 1083 1086
1085 1086 76
1086 1083 281
281 1084 1087
1087 1084 1080
1087 1080 73
1080 1084 279
75 1081 1088
1088 1081 1089
1088 1089 282
1089 1081 280
282 1089 1090
1090 1089 1091
1090 1091 283
1091 1089 280
282 1090 1092
1092 1090 1093
1092 1093 7
1093 1090 283
283 1091 1094
1094 1091 1085
1094 1085 76
1085 1091 280
76 1086 1095
1095 1086 1096
1095 1096 284
1096 1086 281
284 1096 1097
1097 1096 1098
1097 1098 275
1098 1096 281
284 1097 1099
1099 1097 1066
1099 1066 22
1066 1097 275
275 1098 1062
1062 1098 1087
1062 1087 73
1087 1098 281
22 1067 1100
1100 1067 1101
1100 1101 285
1101 1067 276
285 1101 1102
1102 1101 1103
1102 1103 286
1103 1101 276
285 1102 1104
1104 1102 1105
1104 1105 77
1105 1102 286
286 1103 1106
1106 1103 1068
1106 1068 74
1068 1103 276
77 1105 1107
1107 1105 1108
1107 1108 287
1108 1105 286
287 1108 1109
1109 1108 1110
1109 1110 288
1110 1108 286
287 1109 1111
1111 1109 1112
1111 1112 69
1112 1109 288
288 1110 1113
1113 1110 1106
1113 1106 74
1106 1110 286
77 1107 1114
1114 1107 1115
1114 1115 289
1115 1107 287
289 1115 1116
1116 1115 1117
1116 1117 261
1117 1115 287
289 1116 1118
1118 1116 1014
1118 1014 8
1014 1116 261
261 1117 1010
1010 1117 1111
1010 1111 69
1111 1117 287
69 1112 1000
1000 1112 1119
1000 1119 257
1119 1112 288
257 1119 1120
1120 1119 1121
1120 1121 277
1121 1119 288
257 1120 996
996 1120 1073
996 1073 19
1073 1120 277
277 1121 1069
1069 1121 1113
1069 1113 74
1113 1121 288
6 1022 918
918 1022 1122
918 1122 237
1122 1022 264
237 1122 1123
1123 1122 1124
1123 1124 290
1124 1122 264
237 1123 914
914 1123 1125
914 1125 63
1125 1123 290
290 1124 1126
1126 1124 1026
1126 1026 71
1026 1124 264
63 1125 1127
1127 1125 1128
1127 1128 291
1128 1125 290
291 1128 1129
1129 1128 1130
1129 1130 292
1130 1128 290
291 1129 1131
1131 1129 1132
1131 1132 78
1132 1129 292
292 1130 1133
1133 1130 1126
1133 1126 71
1126 1130 290
63 1127 904
904 1127 1134
904 1134 233
1134 1127 291
233 1134 1135
1135 1134 1136
1135 1136 293
1136 1134 291
233 1135 900
900 1135 1137
900 1137 18
1137 1135 293
293 1136 1138
1138 1136 1131
1138 1131 78
1131 1136 291
78 1132 1139
1139 1132 1140
1139 1140 294
1140 1132 292
294 1140 1141
1141 1140 1142
1141 1142 268
1142 1140 292
294 1141 1143
1143 1141 1040
1143 1040 21
1040 1141 268
268 1142 1036
1036 1142 1133
1036 1133 71
1133 1142 292
18 1137 1144
1144 1137 1145
1144 1145 295
1145 1137 293
295 1145 1146
1146 1145 1147
1146 1147 296
1147 1145 293
295 1146 1148
1148 1146 1149
1148 1149 79
1149 1146 296
296 1147 1150
1150 1147 1138
1150 1138 78
1138 1147 293
79 1149 1151
1151 1149 1152
1151 1152 297
1152 1149 296
297 1152 1153
1153 1152 1154
1153 1154 298
1154 1152 296
297 1153 1155
1155 1153 1156
1155 1156 80
1156 1153 298
298 1154 1157
1157 1154 1150
1157 1150 78
1150 1154 296
79 1151 1158
1158 1151 1159
1158 1159 299
1159 1151 297
299 1159 1160
1160 1159 1161
1160 1161 300
1161 1159 297
299 1160 1162
1162 1160 1163
1162 1163 23
1163 1160 300
300 1161 1164
1164 1161 1155
1164 1155 80
1155 1161 297
80 1156 1165
1165 1156 1166
1165 1166 301
1166 1156 298
301 1166 1167
1167 1166 1168
1167 1168 294
1168 1166 298
301 1167 1169
1169 1167 1143
1169 1143 21
1143 1167 294
294 1168 1139
1139 1168 1157
1139 1157 78
1157 1168 298
18 1144 899
899 1144 1170
899 1170 232
1170 1144 295
232 1170 1171
1171 1170 1172
1171 1172 302
1172 1170 295
232 1171 895
895 1171 1173
895 1173 62
1173 1171 302
302 1172 1174
1174 1172 1148
1174 1148 79
1148 1172 295
62 1173 1175
1175 1173 1176
1175 1176 303
1176 1173 302
303 1176 1177
1177 1176 1178
1177 1178 304
1178 1176 302
303 1177 1179
1179 1177 1180
1179 1180 81
1180 1177 304
304 1178 1181
1181 1178 1174
1181 1174 79
1174 1178 302
62 1175 894
894 1175 1182
894 1182 231
1182 1175 303
231 1182 1183
1183 1182 1184
1183 1184 305
1184 1182 303
231 1183 893
893 1183 1185
893 1185 2
1185 1183 305
305 1184 1186
1186 1184 1179
1186 1179 81
1179 1184 303
81 1180 1187
1187 1180 1188
1187 1188 306
1188 1180 304
306 1188 1189
1189 1188 1190
1189 1190 299
1190 1188 304
306 1189 1191
1191 1189 1162
1191 1162 23
1162 1189 299
299 1190 1158
1158 1190 1181
1158 1181 79
1181 1190 304
23 1163 1192
1192 1163 1193
1192 1193 307
1193 1163 300
307 1193 1194
1194 1193 1195
1194 1195 308
1195 1193 300
307 1194 1196
1196 1194 1197
1196 1197 82
1197 1194 308
308 1195 1198
1198 1195 1164
1198 1164 80
1164 1195 300
82 1197 1199
1199 1197 1200
1199 1200 309
1200 1197 308
309 1200 1201
1201 1200 1202
1201 1202 310
1202 1200 308
309 1201 1203
1203 1201 1204
1203 1204 75
1204 1201 310
310 1202 1205
1205 1202 1198
1205 1198 80
1198 1202 308
82 1199 1206
1206 1199 1207
1206 1207 311
1207 1199 309
311 1207 1208
1208 1207 1209
1208 1209 282
1209 1207 309
311 1208 1210
1210 1208 1092
1210 1092 7
1092 1208 282
282 1209 1088
1088 1209 1203
1088 1203 75
1203 1209 309
75 1204 1078
1078 1204 1211
1078 1211 278
1211 1204 310
278 1211 1212
1212 1211 1213
1212 1213 301
1213 1211 310
278 1212 1074
1074 1212 1169
1074 1169 21
1169 1212 301
301 1213 1165
1165 1213 1205
1165 1205 80
1205 1213 310
7 1093 1214
1214 1093 1215
1214 1215 312
1215 1093 283
312 1215 1216
1216 1215 1217
1216 1217 313
1217 1215 283
312 1216 1218
1218 1216 1219
1218 1219 83
1219 1216 313
313 1217 1220
1220 1217 1094
1220 1094 76
1094 1217 283
83 1219 1221
1221 1219 1222
1221 1222 314
1222 1219 313
314 1222 1223
1223 1222 1224
1223 1224 315
1224 1222 313
314 1223 1225
1225 1223 1226
1225 1226 84
1226 1223 315
315 1224 1227
1227 1224 1220
1227 1220 76
1220 1224 313
83 1221 1228
1228 1221 1229
1228 1229 316
1229 1221 314
316 1229 1230
1230 1229 1231
1230 1231 317
1231 1229 314
316 1230 1232
1232 1230 1233
1232 1233 24
1233 1230 317
317 1231 1234
1234 1231 1225
1234 1225 84
1225 1231 314
84 1226 1235
1235 1226 1236
1235 1236 318
1236 1226 315
318 1236 1237
1237 1236 1238
1237 1238 284
1238 1236 315
318 1237 1239
1239 1237 1099
1239 1099 22
1099 1237 284
284 1238 1095
1095 1238 1227
1095 1227 76
1227 1238 315
24 1233 1240
1240 1233 1241
1240 1241 319
1241 1233 317
319 1241 1242
1242 1241 1243
1242 1243 320
1243 1241 317
319 1242 1244
1244 1242 1245
1244 1245 85
1245 1242 320
320 1243 1246
1246 1243 1234
1246 1234 84
1234 1243 317
85 1245 1247
1247 1245 1248
1247 1248 321
1248 1245 320
321 1248 1249
1249 1248 1250
1249 1250 322
1250 1248 320
321 1249 1251
1251 1249 1252
1251 1252 86
1252 1249 322
322 1250 1253
1253 1250 1246
1253 1246 84
1246 1250 320
85 1247 1254
1254 1247 1255
1254 1255 323
1255 1247 321
323 1255 1256
1256 1255 1257
1256 1257 324
1257 1255 321
323 1256 1258
1258 1256 1259
1258 1259 25
1259 1256 324
324 1257 1260
1260 1257 1251
1260 1251 86
1251 1257 321
86 1252 1261
1261 1252 1262
1261 1262 325
1262 1252 322
325 1262 1263
1263 1262 1264
1263 1264 318
1264 1262 322
325 1263 1265
1265 1263 1239
1265 1239 22
1239 1263 318
318 1264 1235
1235 1264 1253
1235 1253 84
1253 1264 322
24 1240 1266
1266 1240 1267
1266 1267 326
1267 1240 319
326 1267 1268
1268 1267 1269
1268 1269 327
1269 1267 319
326 1268 1270
1270 1268 1271
1270 1271 87
1271 1268 327
327 1269 1272
1272 1269 1244
1272 1244 85
1244 1269 319
87 1271 1273
1273 1271 1274
1273 1274 328
1274 1271 327
328 1274 1275
1275 1274 1276
1275 1276 329
1276 1274 327
328 1275 1277
1277 1275 1278
1277 1278 88
1278 1275 329
329 1276 1279
1279 1276 1272
1279 1272 85
1272 1276 327
87 1273 1280
1280 1273 1281
1280 1281 330
1281 1273 328
330 1281 1282
1282 1281 1283
1282 1283 331
1283 1281 328
330 1282 1284
1284 1282 1285
1284 1285 3
1285 1282 331
331 1283 1286
1286 1283 1277
1286 1277 88
1277 1283 328
88 1278 1287
1287 1278 1288
1287 1288 332
1288 1278 329
332 1288 1289
1289 1288 1290
1289 1290 323
1290 1288 329
332 1289 1291
1291 1289 1258
1291 1258 25
1258 1289 323
323 1290 1254
1254 1290 1279
1254 1279 85
1279 1290 329
25 1259 1292
1292 1259 1293
1292 1293 333
1293 1259 324
333 1293 1294
1294 1293 1295
1294 1295 334
1295 1293 324
333 1294 1296
1296 1294 1297
1296 1297 89
1297 1294 334
334 1295 1298
1298 1295 1260
1298 1260 86
1260 1295 324
89 1297 1299
1299 1297 1300
1299 1300 335
1300 1297 334
335 1300 1301
1301 1300 1302
1301 1302 336
1302 1300 334
335 1301 1303
1303 1301 1304
1303 1304 77
1304 1301 336
336 1302 1305
1305 1302 1298
1305 1298 86
1298 1302 334
89 1299 1306
1306 1299 1307
1306 1307 337
1307 1299 335
337 1307 1308
1308 1307 1309
1308 1309 289
1309 1307 335
337 1308 1310
1310 1308 1118
1310 1118 8
1118 1308 289
289 1309 1114
1114 1309 1303
1114 1303 77
1303 1309 335
77 1304 1104
1104 1304 1311
1104 1311 285
1311 1304 336
285 1311 1312
1312 1311 1313
1312 1313 325
1313 1311 336
285 1312 1100
1100 1312 1265
1100 1265 22
1265 1312 325
325 1313 1261
1261 1313 1305
1261 1305 86
1305 1313 336
0 514 923
923 514 1314
923 1314 239
1314 514 130
239 1314 1315
1315 1314 1316
1315 1316 338
1316 1314 130
239 1315 928
928 1315 1317
928 1317 65
1317 1315 338
338 1316 1318
1318 1316 519
1318 519 34
519 1316 130
65 1317 1319
1319 1317 1320
1319 1320 339
1320 1317 338
339 1320 1321
1321 1320 1322
1321 1322 340
1322 1320 338
339 1321 1323
1323 1321 1324
1323 1324 90
1324 1321 340
340 1322 1325
1325 1322 1318
1325 1318 34
1318 1322 338
65 1319 947
947 1319 1326
947 1326 244
1326 1319 339
244 1326 1327
1327 1326 1328
1327 1328 341
1328 1326 339
244 1327 946
946 1327 1329
946 1329 20
1329 1327 341
341 1328 1330
1330 1328 1323
1330 1323 90
1323 1328 339
90 1324 1331
1331 1324 1332
1331 1332 342
1332 1324 340
342 1332 1333
1333 1332 1334
1333 1334 135
1334 1332 340
342 1333 1335
1335 1333 534
1335 534 10
534 1333 135
135 1334 530
530 1334 1325
530 1325 34
1325 1334 340
20 1329 1336
1336 1329 1337
1336 1337 343
1337 1329 341
343 1337 1338
1338 1337 1339
1338 1339 344
1339 1337 341
343 1338 1340
1340 1338 1341
1340 1341 91
1341 1338 344
344 1339 1342
1342 1339 1330
1342 1330 90
1330 1339 341
91 1341 1343
1343 1341 1344
1343 1344 345
1344 1341 344
345 1344 1345
1345 1344 1346
1345 1346 346
1346 1344 344
345 1345 1347
1347 1345 1348
1347 1348 92
1348 1345 346
346 1346 1349
1349 1346 1342
1349 1342 90
1342 1346 344
91 1343 1350
1350 1343 1351
1350 1351 347
1351 1343 345
347 1351 1352
1352 1351 1353
1352 1353 348
1353 1351 345
347 1352 1354
1354 1352 1355
1354 1355 26
1355 1352 348
348 1353 1356
1356 1353 1347
1356 1347 92
1347 1353 345
92 1348 1357
1357 1348 1358
1357 1358 349
1358 1348 346
349 1358 1359
1359 1358 1360
1359 1360 342
1360 1358 346
349 1359 1361
1361 1359 1335
1361 1335 10
1335 1359 342
342 1360 1331
1331 1360 1349
1331 1349 90
1349 1360 346
20 1336 1021
1021 1336 1362
1021 1362 263
1362 1336 343
263 1362 1363
1363 1362 1364
1363 1364 350
1364 1362 343
263 1363 1017
1017 1363 1365
1017 1365 70
1365 1363 350
350 1364 1366
1366 1364 1340
1366 1340 91
1340 1364 343
70 1365 1367
1367 1365 1368
1367 1368 351
1368 1365 350
351 1368 1369
1369 1368 1370
1369 1370 352
1370 1368 350
351 1369 1371
1371 1369 1372
1371 1372 93
1372 1369 352
352 1370 1373
1373 1370 1366
1373 1366 91
1366 1370 350
70 1367 1016
1016 1367 1374
1016 1374 262
1374 1367 351
262 1374 1375
1375 1374 1376
1375 1376 353
1376 1374 351
262 1375 1015
1015 1375 1377
1015 1377 8
1377 1375 353
353 1376 1378
1378 1376 1371
1378 1371 93
1371 1376 351
93 1372 1379
1379 1372 1380
1379 1380 354
1380 1372 352
354 1380 1381
1381 1380 1382
1381 1382 347
1382 1380 352
354 1381 1383
1383 1381 1354
1383 1354 26
1354 1381 347
347 1382 1350
1350 1382 1373
1350 1373 91
1373 1382 352
26 1355 1384
1384 1355 1385
1384 1385 355
1385 1355 348
355 1385 1386
1386 1385 1387
1386 1387 356
1387 1385 348
355 1386 1388
1388 1386 1389
1388 1389 94
1389 1386 356
356 1387 1390
1390 1387 1356
1390 1356 92
1356 1387 348
94 1389 1391
1391 1389 1392
1391 1392 357
1392 1389 356
357 1392 1393
1393 1392 1394
1393 1394 358
1394 1392 356
357 1393 1395
1395 1393 1396
1395 1396 39
1396 1393 358
358 1394 1397
1397 1394 1390
1397 1390 92
1390 1394 356
94 1391 1398
1398 1391 1399
1398 1399 359
1399 1391 357
359 1399 1400
1400 1399 1401
1400 1401 150
1401 1399 357
359 1400 1402
1402 1400 588
1402 588 4
588 1400 150
150 1401 584
584 1401 1395
584 1395 39
1395 1401 357
39 1396 574
574 1396 1403
574 1403 146
1403 1396 358
146 1403 1404
1404 1403 1405
1404 1405 349
1405 1403 358
146 1404 570
570 1404 1361
570 1361 10
1361 1404 349
349 1405 1357
1357 1405 1397
1357 1397 92
1397 1405 358
8 1377 1406
1406 1377 1407
1406 1407 360
1407 1377 353
360 1407 1408
1408 1407 1409
1408 1409 361
1409 1407 353
360 1408 1410
1410 1408 1411
1410 1411 95
1411 1408 361
361 1409 1412
1412 1409 1378
1412 1378 93
1378 1409 353
95 1411 1413
1413 1411 1414
1413 1414 362
1414 1411 361
362 1414 1415
1415 1414 1416
1415 1416 363
1416 1414 361
362 1415 1417
1417 1415 1418
1417 1418 96
1418 1415 363
363 1416 1419
1419 1416 1412
1419 1412 93
1412 1416 361
95 1413 1420
1420 1413 1421
1420 1421 364
1421 1413 362
364 1421 1422
1422 1421 1423
1422 1423 365
1423 1421 362
364 1422 1424
1424 1422 1425
1424 1425 27
1425 1422 365
365 1423 1426
1426 1423 1417
1426 1417 96
1417 1423 362
96 1418 1427
1427 1418 1428
1427 1428 366
1428 1418 363
366 1428 1429
1429 1428 1430
1429 1430 354
1430 1428 363
366 1429 1431
1431 1429 1383
1431 1383 26
1383 1429 354
354 1430 1379
1379 1430 1419
1379 1419 93
1419 1430 363
27 1425 1432
1432 1425 1433
1432 1433 367
1433 1425 365
367 1433 1434
1434 1433 1435
1434 1435 368
1435 1433 365
367 1434 1436
1436 1434 1437
1436 1437 97
1437 1434 368
368 1435 1438
1438 1435 1426
1438 1426 96
1426 1435 365
97 1437 1439
1439 1437 1440
1439 1440 369
1440 1437 368
369 1440 1441
1441 1440 1442
1441 1442 370
1442 1440 368
369 1441 1443
1443 1441 1444
1443 1444 98
1444 1441 370
370 1442 1445
1445 1442 1438
1445 1438 96
1438 1442 368
97 1439 1446
1446 1439 1447
1446 1447 371
1447 1439 369
371 1447 1448
1448 1447 1449
1448 1449 372
1449 1447 369
371 1448 1450
1450 1448 1451
1450 1451 28
1451 1448 372
372 1449 1452
1452 1449 1443
1452 1443 98
1443 1449 369
98 1444 1453
1453 1444 1454
1453 1454 373
1454 1444 370
373 1454 1455
1455 1454 1456
1455 1456 366
1456 1454 370
373 1455 1457
1457 1455 1431
1457 1431 26
1431 1455 366
366 1456 1427
1427 1456 1445
1427 1445 96
1445 1456 370
27 1432 1458
1458 1432 1459
1458 1459 374
1459 1432 367
374 1459 1460
1460 1459 1461
1460 1461 375
1461 1459 367
374 1460 1462
1462 1460 1463
1462 1463 99
1463 1460 375
375 1461 1464
1464 1461 1436
1464 1436 97
1436 1461 367
99 1463 1465
1465 1463 1466
1465 1466 376
1466 1463 375
376 1466 1467
1467 1466 1468
1467 1468 377
1468 1466 375
376 1467 1469
1469 1467 1470
1469 1470 100
1470 1467 377
377 1468 1471
1471 1468 1464
1471 1464 97
1464 1468 375
99 1465 1472
1472 1465 1473
1472 1473 378
1473 1465 376
378 1473 1474
1474 1473 1475
1474 1475 379
1475 1473 376
378 1474 1476
1476 1474 1477
1476 1477 9
1477 1474 379
379 1475 1478
1478 1475 1469
1478 1469 100
1469 1475 376
100 1470 1479
1479 1470 1480
1479 1480 380
1480 1470 377
380 1480 1481
1481 1480 1482
1481 1482 371
1482 1480 377
380 1481 1483
1483 1481 1450
1483 1450 28
1450 1481 371
371 1482 1446
1446 1482 1471
1446 1471 97
1471 1482 377
28 1451 1484
1484 1451 1485
1484 1485 381
1485 1451 372
381 1485 1486
1486 1485 1487
1486 1487 382
1487 1485 372
381 1486 1488
1488 1486 1489
1488 1489 101
1489 1486 382
382 1487 1490
1490 1487 1452
1490 1452 98
1452 1487 372
101 1489 1491
1491 1489 1492
1491 1492 383
1492 1489 382
383 1492 1493
1493 1492 1494
1493 1494 384
1494 1492 382
383 1493 1495
1495 1493 1496
1495 1496 94
1496 1493 384
384 1494 1497
1497 1494 1490
1497 1490 98
1490 1494 382
101 1491 1498
1498 1491 1499
1498 1499 385
1499 1491 383
385 1499 1500
1500 1499 1501
1500 1501 359
1501 1499 383
385 1500 1502
1502 1500 1402
1502 1402 4
1402 1500 359
359 1501 1398
1398 1501 1495
1398 1495 94
1495 1501 383
94 1496 1388
1388 1496 1503
1388 1503 355
1503 1496 384
355 1503 1504
1504 1503 1505
1504 1505 373
1505 1503 384
355 1504 1384
1384 1504 1457
1384 1457 26
1457 1504 373
373 1505 1453
1453 1505 1497
1453 1497 98
1497 1505 384
8 1406 1310
1310 1406 1506
1310 1506 337
1506 1406 360
337 1506 1507
1507 1506 1508
1507 1508 386
1508 1506 360
337 1507 1306
1306 1507 1509
1306 1509 89
1509 1507 386
386 1508 1510
1510 1508 1410
1510 1410 95
1410 1508 360
89 1509 1511
1511 1509 1512
1511 1512 387
1512 1509 386
387 1512 1513
1513 1512 1514
1513 1514 388
1514 1512 386
387 1513 1515
1515 1513 1516
1515 1516 102
1516 1513 388
388 1514 1517
1517 1514 1510
1517 1510 95
1510 1514 386
89 1511 1296
1296 1511 1518
1296 1518 333
1518 1511 387
333 1518 1519
1519 1518 1520
1519 1520 389
1520 1518 387
333 1519 1292
1292 1519 1521
1292 1521 25
1521 1519 389
389 1520 1522
1522 1520 1515
1522 1515 102
1515 1520 387
102 1516 1523
1523 1516 1524
1523 1524 390
1524 1516 388
390 1524 1525
1525 1524 1526
1525 1526 364
1526 1524 388
390 1525 1527
1527 1525 1424
1527 1424 27
1424 1525 364
364 1526 1420
1420 1526 1517
1420 1517 95
1517 1526 388
25 1521 1528
1528 1521 1529
1528 1529 391
1529 1521 389
391 1529 1530
1530 1529 1531
1530 1531 392
1531 1529 389
391 1530 1532
1532 1530 1533
1532 1533 103
1533 1530 392
392 1531 1534
1534 1531 1522
1534 1522 102
1522 1531 389
103 1533 1535
1535 1533 1536
1535 1536 393
1536 1533 392
393 1536 1537
1537 1536 1538
1537 1538 394
1538 1536 392
393 1537 1539
1539 1537 1540
1539 1540 104
1540 1537 394
394 1538 1541
1541 1538 1534
1541 1534 102
1534 1538 392
103 1535 1542
1542 1535 1543
1542 1543 395
1543 1535 393
395 1543 1544
1544 1543 1545
1544 1545 396
1545 1543 393
395 1544 1546
1546 1544 1547
1546 1547 29
1547 1544 396
396 1545 1548
1548 1545 1539
1548 1539 104
1539 1545 393
104 1540 1549
1549 1540 1550
1549 1550 397
1550 1540 394
397 1550 1551
1551 1550 1552
1551 1552 390
1552 1550 394
397 1551 1553
1553 1551 1527
1553 1527 27
1527 1551 390
390 1552 1523
1523 1552 1541
1523 1541 102
1541 1552 394
25 1528 1291
1291 1528 1554
1291 1554 332
1554 1528 391
332 1554 1555
1555 1554 1556
1555 1556 398
1556 1554 391
332 1555 1287
1287 1555 1557
1287 1557 88
1557 1555 398
398 1556 1558
1558 1556 1532
1558 1532 103
1532 1556 391
88 1557 1559
1559 1557 1560
1559 1560 399
1560 1557 398
399 1560 1561
1561 1560 1562
1561 1562 400
1562 1560 398
399 1561 1563
1563 1561 1564
1563 1564 105
1564 1561 400
400 1562 1565
1565 1562 1558
1565 1558 103
1558 1562 398
88 1559 1286
1286 1559 1566
1286 1566 331
1566 1559 399
331 1566 1567
1567 1566 1568
1567 1568 401
1568 1566 399
331 1567 1285
1285 1567 1569
1285 1569 3
1569 1567 401
401 1568 1570
1570 1568 1563
1570 1563 105
1563 1568 399
105 1564 1571
1571 1564 1572
1571 1572 402
1572 1564 400
402 1572 1573
1573 1572 1574
1573 1574 395
1574 1572 400
402 1573 1575
1575 1573 1546
1575 1546 29
1546 1573 395
395 1574 1542
1542 1574 1565
1542 1565 103
1565 1574 400
29 1547 1576
1576 1547 1577
1576 1577 403
1577 1547 396
403 1577 1578
1578 1577 1579
1578 1579 404
1579 1577 396
403 1578 1580
1580 1578 1581
1580 1581 106
1581 1578 404
404 1579 1582
1582 1579 1548
1582 1548 104
1548 1579 396
106 1581 1583
1583 1581 1584
1583 1584 405
1584 1581 404
405 1584 1585
1585 1584 1586
1585 1586 406
1586 1584 404
405 1585 1587
1587 1585 1588
1587 1588 99
1588 1585 406
406 1586 1589
1589 1586 1582
1589 1582 104
1582 1586 404
106 1583 1590
1590 1583 1591
1590 1591 407
1591 1583 405
407 1591 1592
1592 1591 1593
1592 1593 378
1593 1591 405
407 1592 1594
1594 1592 1476
1594 1476 9
1476 1592 378
378 1593 1472
1472 1593 1587
1472 1587 99
1587 1593 405
99 1588 1462
1462 1588 1595
1462 1595 374
1595 1588 406
374 1595 1596
1596 1595 1597
1596 1597 397
1597 1595 406
374 1596 1458
1458 1596 1553
1458 1553 27
1553 1596 397
397 1597 1549
1549 1597 1589
1549 1589 104
1589 1597 406
9 1477 1598
1598 1477 1599
1598 1599 408
1599 1477 379
408 1599 1600
1600 1599 1601
1600 1601 409
1601 1599 379
408 1600 1602
1602 1600 1603
1602 1603 107
1603 1600 409
409 1601 1604
1604 1601 1478
1604 1478 100
1478 1601 379
107 1603 1605
1605 1603 1606
1605 1606 410
1606 1603 409
410 1606 1607
1607 1606 1608
1607 1608 411
1608 1606 409
410 1607 1609
1609 1607 1610
1609 1610 108
1610 1607 411
411 1608 1611
1611 1608 1604
1611 1604 100
1604 1608 409
107 1605 1612
1612 1605 1613
1612 1613 412
1613 1605 410
412 1613 1614
1614 1613 1615
1614 1615 413
1615 1613 410
412 1614 1616
1616 1614 1617
1616 1617 30
1617 1614 413
413 1615 1618
1618 1615 1609
1618 1609 108
1609 1615 410
108 1610 1619
1619 1610 1620
1619 1620 414
1620 1610 411
414 1620 1621
1621 1620 1622
1621 1622 380
1622 1620 411
414 1621 1623
1623 1621 1483
1623 1483 28
1483 1621 380
380 1622 1479
1479 1622 1611
1479 1611 100
1611 1622 411
30 1617 1624
1624 1617 1625
1624 1625 415
1625 1617 413
415 1625 1626
1626 1625 1627
1626 1627 416
1627 1625 413
415 1626 1628
1628 1626 1629
1628 1629 109
1629 1626 416
416 1627 1630
1630 1627 1618
1630 1618 108
1618 1627 413
109 1629 1631
1631 1629 1632
1631 1632 417
1632 1629 416
417 1632 1633
1633 1632 1634
1633 1634 418
1634 1632 416
417 1633 1635
1635 1633 1636
1635 1636 110
1636 1633 418
418 1634 1637
1637 1634 1630
1637 1630 108
1630 1634 416
109 1631 1638
1638 1631 1639
1638 1639 419
1639 1631 417
419 1639 1640
1640 1639 1641
1640 1641 420
1641 1639 417
419 1640 1642
1642 1640 1643
1642 1643 15
1643 1640 420
420 1641 1644
1644 1641 1635
1644 1635 110
1635 1641 417
110 1636 1645
1645 1636 1646
1645 1646 421
1646 1636 418
421 1646 1647
1647 1646 1648
1647 1648 414
1648 1646 418
421 1647 1649
1649 1647 1623
1649 1623 28
1623 1647 414
414 1648 1619
1619 1648 1637
1619 1637 108
1637 1648 418
30 1624 1650
1650 1624 1651
1650 1651 422
1651 1624 415
422 1651 1652
1652 1651 1653
1652 1653 423
1653 1651 415
422 1652 1654
1654 1652 1655
1654 1655 111
1655 1652 423
423 1653 1656
1656 1653 1628
1656 1628 109
1628 1653 415
111 1655 1657
1657 1655 1658
1657 1658 424
1658 1655 423
424 1658 1659
1659 1658 1660
1659 1660 425
1660 1658 423
424 1659 1661
1661 1659 1662
1661 1662 54
1662 1659 425
425 1660 1663
1663 1660 1656
1663 1656 109
1656 1660 423
111 1657 1664
1664 1657 1665
1664 1665 426
1665 1657 424
426 1665 1666
1666 1665 1667
1666 1667 204
1667 1665 424
426 1666 1668
1668 1666 792
1668 792 1
792 1666 204
204 1667 788
788 1667 1661
788 1661 54
1661 1667 424
54 1662 778
778 1662 1669
778 1669 200
1669 1662 425
200 1669 1670
1670 1669 1671
1670 1671 419
1671 1669 425
200 1670 774
774 1670 1642
774 1642 15
1642 1670 419
419 1671 1638
1638 1671 1663
1638 1663 109
1663 1671 425
15 1643 740
740 1643 1672
740 1672 190
1672 1643 420
190 1672 1673
1673 1672 1674
1673 1674 427
1674 1672 420
190 1673 736
736 1673 1675
736 1675 50
1675 1673 427
427 1674 1676
1676 1674 1644
1676 1644 110
1644 1674 420
50 1675 1677
1677 1675 1678
1677 1678 428
1678 1675 427
428 1678 1679
1679 1678 1680
1679 1680 429
1680 1678 427
428 1679 1681
1681 1679 1682
1681 1682 101
1682 1679 429
429 1680 1683
1683 1680 1676
1683 1676 110
1676 1680 427
50 1677 726
726 1677 1684
726 1684 186
1684 1677 428
186 1684 1685
1685 1684 1686
1685 1686 385
1686 1684 428
186 1685 722
722 1685 1502
722 1502 4
1502 1685 385
385 1686 1498
1498 1686 1681
1498 1681 101
1681 1686 428
101 1682 1488
1488 1682 1687
1488 1687 381
1687 1682 429
381 1687 1688
1688 1687 1689
1688 1689 421
1689 1687 429
381 1688 1484
1484 1688 1649
1484 1649 28
1649 1688 421
421 1689 1645
1645 1689 1683
1645 1683 110
1683 1689 429
1 793 1668
1668 793 1690
1668 1690 426
1690 793 205
426 1690 1691
1691 1690 1692
1691 1692 430
1692 1690 205
426 1691 1664
1664 1691 1693
1664 1693 111
1693 1691 430
430 1692 1694
1694 1692 794
1694 794 55
794 1692 205
111 1693 1695
1695 1693 1696
1695 1696 431
1696 1693 430
431 1696 1697
1697 1696 1698
1697 1698 432
1698 1696 430
431 1697 1699
1699 1697 1700
1699 1700 112
1700 1697 432
432 1698 1701
1701 1698 1694
1701 1694 55
1694 1698 430
111 1695 1654
1654 1695 1702
1654 1702 422
1702 1695 431
422 1702 1703
1703 1702 1704
1703 1704 433
1704 1702 431
422 1703 1650
1650 1703 1705
1650 1705 30
1705 1703 433
433 1704 1706
1706 1704 1699
1706 1699 112
1699 1704 431
112 1700 1707
1707 1700 1708
1707 1708 434
1708 1700 432
434 1708 1709
1709 1708 1710
1709 1710 206
1710 1708 432
434 1709 1711
1711 1709 799
1711 799 16
799 1709 206
206 1710 795
795 1710 1701
795 1701 55
1701 1710 432
30 1705 1712
1712 1705 1713
1712 1713 435
1713 1705 433
435 1713 1714
1714 1713 1715
1714 1715 436
1715 1713 433
435 1714 1716
1716 1714 1717
1716 1717 113
1717 1714 436
436 1715 1718
1718 1715 1706
1718 1706 112
1706 1715 433
113 1717 1719
1719 1717 1720
1719 1720 437
1720 1717 436
437 1720 1721
1721 1720 1722
1721 1722 438
1722 1720 436
437 1721 1723
1723 1721 1724
1723 1724 114
1724 1721 438
438 1722 1725
1725 1722 1718
1725 1718 112
1718 1722 436
113 1719 1726
1726 1719 1727
1726 1727 439
1727 1719 437
439 1727 1728
1728 1727 1729
1728 1729 440
1729 1727 437
439 1728 1730
1730 1728 1731
1730 1731 31
1731 1728 440
440 1729 1732
1732 1729 1723
1732 1723 114
1723 1729 437
114 1724 1733
1733 1724 1734
1733 1734 441
1734 1724 438
441 1734 1735
1735 1734 1736
1735 1736 434
1736 1734 438
441 1735 1737
1737 1735 1711
1737 1711 16
1711 1735 434
434 1736 1707
1707 1736 1725
1707 1725 112
1725 1736 438
30 1712 1616
1616 1712 1738
1616 1738 412
1738 1712 435
412 1738 1739
1739 1738 1740
1739 1740 442
1740 1738 435
412 1739 1612
1612 1739 1741
1612 1741 107
1741 1739 442
442 1740 1742
1742 1740 1716
1742 1716 113
1716 1740 435
107 1741 1743
1743 1741 1744
1743 1744 443
1744 1741 442
443 1744 1745
1745 1744 1746
1745 1746 444
1746 1744 442
443 1745 1747
1747 1745 1748
1747 1748 115
1748 1745 444
444 1746 1749
1749 1746 1742
1749 1742 113
1742 1746 442
107 1743 1602
1602 1743 1750
1602 1750 408
1750 1743 443
408 1750 1751
1751 1750 1752
1751 1752 445
1752 1750 443
408 1751 1598
1598 1751 1753
1598 1753 9
1753 1751 445
445 1752 1754
1754 1752 1747
1754 1747 115
1747 1752 443
115 1748 1755
1755 1748 1756
1755 1756 446
1756 1748 444
446 1756 1757
1757 1756 1758
1757 1758 439
1758 1756 444
446 1757 1759
1759 1757 1730
1759 1730 31
1730 1757 439
439 1758 1726
1726 1758 1749
1726 1749 113
1749 1758 444
31 1731 1760
1760 1731 1761
1760 1761 447
1761 1731 440
447 1761 1762
1762 1761 1763
1762 1763 448
1763 1761 440
447 1762 1764
1764 1762 1765
1764 1765 116
1765 1762 448
448 1763 1766
1766 1763 1732
1766 1732 114
1732 1763 440
116 1765 1767
1767 1765 1768
1767 1768 449
1768 1765 448
449 1768 1769
1769 1768 1770
1769 1770 450
1770 1768 448
449 1769 1771
1771 1769 1772
1771 1772 56
1772 1769 450
450 1770 1773
1773 1770 1766
1773 1766 114
1766 1770 448
116 1767 1774
1774 1767 1775
1774 1775 451
1775 1767 449
451 1775 1776
1776 1775 1777
1776 1777 211
1777 1775 449
451 1776 1778
1778 1776 818
1778 818 5
818 1776 211
211 1777 814
814 1777 1771
814 1771 56
1771 1777 449
56 1772 804
804 1772 1779
804 1779 207
1779 1772 450
207 1779 1780
1780 1779 1781
1780 1781 441
1781 1779 450
207 1780 800
800 1780 1737
800 1737 16
1737 1780 441
441 1781 1733
1733 1781 1773
1733 1773 114
1773 1781 450
9 1753 1782
1782 1753 1783
1782 1783 452
1783 1753 445
452 1783 1784
1784 1783 1785
1784 1785 453
1785 1783 445
452 1784 1786
1786 1784 1787
1786 1787 117
1787 1784 453
453 1785 1788
1788 1785 1754
1788 1754 115
1754 1785 445
117 1787 1789
1789 1787 1790
1789 1790 454
1790 1787 453
454 1790 1791
1791 1790 1792
1791 1792 455
1792 1790 453
454 1791 1793
1793 1791 1794
1793 1794 118
1794 1791 455
455 1792 1795
1795 1792 1788
1795 1788 115
1788 1792 453
117 1789 1796
1796 1789 1797
1796 1797 456
1797 1789 454
456 1797 1798
1798 1797 1799
1798 1799 457
1799 1797 454
456 1798 1800
1800 1798 1801
1800 1801 32
1801 1798 457
457 1799 1802
1802 1799 1793
1802 1793 118
1793 1799 454
118 1794 1803
1803 1794 1804
1803 1804 458
1804 1794 455
458 1804 1805
1805 1804 1806
1805 1806 446
1806 1804 455
458 1805 1807
1807 1805 1759
1807 1759 31
1759 1805 446
446 1806 1755
1755 1806 1795
1755 1795 115
1795 1806 455
32 1801 1808
1808 1801 1809
1808 1809 459
1809 1801 457
459 1809 1810
1810 1809 1811
1810 1811 460
1811 1809 457
459 1810 1812
1812 1810 1813
1812 1813 119
1813 1810 460
460 1811 1814
1814 1811 1802
1814 1802 118
1802 1811 457
119 1813 1815
1815 1813 1816
1815 1816 461
1816 1813 460
461 1816 1817
1817 1816 1818
1817 1818 462
1818 1816 460
461 1817 1819
1819 1817 1820
1819 1820 120
1820 1817 462
462 1818 1821
1821 1818 1814
1821 1814 118
1814 1818 460
119 1815 1822
1822 1815 1823
1822 1823 463
1823 1815 461
463 1823 1824
1824 1823 1825
1824 1825 464
1825 1823 461
463 1824 1826
1826 1824 1827
1826 1827 33
1827 1824 464
464 1825 1828
1828 1825 1819
1828 1819 120
1819 1825 461
120 1820 1829
1829 1820 1830
1829 1830 465
1830 1820 462
465 1830 1831
1831 1830 1832
1831 1832 458
1832 1830 462
465 1831 1833
1833 1831 1807
1833 1807 31
1807 1831 458
458 1832 1803
1803 1832 1821
1803 1821 118
1821 1832 462
32 1808 1834
1834 1808 1835
1834 1835 466
1835 1808 459
466 1835 1836
1836 1835 1837
1836 1837 467
1837 1835 459
466 1836 1838
1838 1836 1839
1838 1839 121
1839 1836 467
467 1837 1840
1840 1837 1812
1840 1812 119
1812 1837 459
121 1839 1841
1841 1839 1842
1841 1842 468
1842 1839 467
468 1842 1843
1843 1842 1844
1843 1844 469
1844 1842 467
468 1843 1845
1845 1843 1846
1845 1846 122
1846 1843 469
469 1844 1847
1847 1844 1840
1847 1840 119
1840 1844 467
121 1841 1848
1848 1841 1849
1848 1849 470
1849 1841 468
470 1849 1850
1850 1849 1851
1850 1851 471
1851 1849 468
470 1850 1852
1852 1850 1853
1852 1853 7
1853 1850 471
471 1851 1854
1854 1851 1845
1854 1845 122
1845 1851 468
122 1846 1855
1855 1846 1856
1855 1856 472
1856 1846 469
472 1856 1857
1857 1856 1858
1857 1858 463
1858 1856 469
472 1857 1859
1859 1857 1826
1859 1826 33
1826 1857 463
463 1858 1822
1822 1858 1847
1822 1847 119
1847 1858 469
33 1827 1860
1860 1827 1861
1860 1861 473
1861 1827 464
473 1861 1862
1862 1861 1863
1862 1863 474
1863 1861 464
473 1862 1864
1864 1862 1865
1864 1865 123
1865 1862 474
474 1863 1866
1866 1863 1828
1866 1828 120
1828 1863 464
123 1865 1867
1867 1865 1868
1867 1868 475
1868 1865 474
475 1868 1869
1869 1868 1870
1869 1870 476
1870 1868 474
475 1869 1871
1871 1869 1872
1871 1872 116
1872 1869 476
476 1870 1873
1873 1870 1866
1873 1866 120
1866 1870 474
123 1867 1874
1874 1867 1875
1874 1875 477
1875 1867 475
477 1875 1876
1876 1875 1877
1876 1877 451
1877 1875 475
477 1876 1878
1878 1876 1778
1878 1778 5
1778 1876 451
451 1877 1774
1774 1877 1871
1774 1871 116
1871 1877 475
116 1872 1764
1764 1872 1879
1764 1879 447
1879 1872 476
447 1879 1880
1880 1879 1881
1880 1881 465
1881 1879 476
447 1880 1760
1760 1880 1833
1760 1833 31
1833 1880 465
465 1881 1829
1829 1881 1873
1829 1873 120
1873 1881 476
9 1782 1594
1594 1782 1882
1594 1882 407
1882 1782 452
407 1882 1883
1883 1882 1884
1883 1884 478
1884 1882 452
407 1883 1590
1590 1883 1885
1590 1885 106
1885 1883 478
478 1884 1886
1886 1884 1786
1886 1786 117
1786 1884 452
106 1885 1887
1887 1885 1888
1887 1888 479
1888 1885 478
479 1888 1889
1889 1888 1890
1889 1890 480
1890 1888 478
479 1889 1891
1891 1889 1892
1891 1892 124
1892 1889 480
480 1890 1893
1893 1890 1886
1893 1886 117
1886 1890 478
106 1887 1580
1580 1887 1894
1580 1894 403
1894 1887 479
403 1894 1895
1895 1894 1896
1895 1896 481
1896 1894 479
403 1895 1576
1576 1895 1897
1576 1897 29
1897 1895 481
481 1896 1898
1898 1896 1891
1898 1891 124
1891 1896 479
124 1892 1899
1899 1892 1900
1899 1900 482
1900 1892 480
482 1900 1901
1901 1900 1902
1901 1902 456
1902 1900 480
482 1901 1903
1903 1901 1800
1903 1800 32
1800 1901 456
456 1902 1796
1796 1902 1893
1796 1893 117
1893 1902 480
29 1897 1904
1904 1897 1905
1904 1905 483
1905 1897 481
483 1905 1906
1906 1905 1907
1906 1907 484
1907 1905 481
483 1906 1908
1908 1906 1909
1908 1909 125
1909 1906 484
484 1907 1910
1910 1907 1898
1910 1898 124
1898 1907 481
125 1909 1911
1911 1909 1912
1911 1912 485
1912 1909 484
485 1912 1913
1913 1912 1914
1913 1914 486
1914 1912 484
485 1913 1915
1915 1913 1916
1915 1916 126
1916 1913 486
486 1914 1917
1917 1914 1910
1917 1910 124
1910 1914 484
125 1911 1918
1918 1911 1919
1918 1919 487
1919 1911 485
487 1919 1920
1920 1919 1921
1920 1921 488
1921 1919 485
487 1920 1922
1922 1920 1923
1922 1923 24
1923 1920 488
488 1921 1924
1924 1921 1915
1924 1915 126
1915 1921 485
126 1916 1925
1925 1916 1926
1925 1926 489
1926 1916 486
489 1926 1927
1927 1926 1928
1927 1928 482
1928 1926 486
489 1927 1929
1929 1927 1903
1929 1903 32
1903 1927 482
482 1928 1899
1899 1928 1917
1899 1917 124
1917 1928 486
29 1904 1575
1575 1904 1930
1575 1930 402
1930 1904 483
402 1930 1931
1931 1930 1932
1931 1932 490
1932 1930 483
402 1931 1571
1571 1931 1933
1571 1933 105
1933 1931 490
490 1932 1934
1934 1932 1908
1934 1908 125
1908 1932 483
105 1933 1935
1935 1933 1936
1935 1936 491
1936 1933 490
491 1936 1937
1937 1936 1938
1937 1938 492
1938 1936 490
491 1937 1939
1939 1937 1940
1939 1940 87
1940 1937 492
492 1938 1941
1941 1938 1934
1941 1934 125
1934 1938 490
105 1935 1570
1570 1935 1942
1570 1942 401
1942 1935 491
401 1942 1943
1943 1942 1944
1943 1944 330
1944 1942 491
401 1943 1569
1569 1943 1284
1569 1284 3
1284 1943 330
330 1944 1280
1280 1944 1939
1280 1939 87
1939 1944 491
87 1940 1270
1270 1940 1945
1270 1945 326
1945 1940 492
326 1945 1946
1946 1945 1947
1946 1947 487
1947 1945 492
326 1946 1266
1266 1946 1922
1266 1922 24
1922 1946 487
487 1947 1918
1918 1947 1941
1918 1941 125
1941 1947 492
24 1923 1232
1232 1923 1948
1232 1948 316
1948 1923 488
316 1948 1949
1949 1948 1950
1949 1950 493
1950 1948 488
316 1949 1228
1228 1949 1951
1228 1951 83
1951 1949 493
493 1950 1952
1952 1950 1924
1952 1924 126
1924 1950 488
83 1951 1953
1953 1951 1954
1953 1954 494
1954 1951 493
494 1954 1955
1955 1954 1956
1955 1956 495
1956 1954 493
494 1955 1957
1957 1955 1958
1957 1958 121
1958 1955 495
495 1956 1959
1959 1956 1952
1959 1952 126
1952 1956 493
83 1953 1218
1218 1953 1960
1218 1960 312
1960 1953 494
312 1960 1961
1961 1960 1962
1961 1962 470
1962 1960 494
312 1961 1214
1214 1961 1852
1214 1852 7
1852 1961 470
470 1962 1848
1848 1962 1957
1848 1957 121
1957 1962 494
121 1958 1838
1838 1958 1963
1838 1963 466
1963 1958 495
466 1963 1964
1964 1963 1965
1964 1965 489
1965 1963 495
466 1964 1834
1834 1964 1929
1834 1929 32
1929 1964 489
489 1965 1925
1925 1965 1959
1925 1959 126
1959 1965 495
7 1853 1210
1210 1853 1966
1210 1966 311
1966 1853 471
311 1966 1967
1967 1966 1968
1967 1968 496
1968 1966 471
311 1967 1206
1206 1967 1969
1206 1969 82
1969 1967 496
496 1968 1970
1970 1968 1854
1970 1854 122
1854 1968 471
82 1969 1971
1971 1969 1972
1971 1972 497
1972 1969 496
497 1972 1973
1973 1972 1974
1973 1974 498
1974 1972 496
497 1973 1975
1975 1973 1976
1975 1976 127
1976 1973 498
498 1974 1977
1977 1974 1970
1977 1970 122
1970 1974 496
82 1971 1196
1196 1971 1978
1196 1978 307
1978 1971 497
307 1978 1979
1979 1978 1980
1979 1980 499
1980 1978 497
307 1979 1192
1192 1979 1981
1192 1981 23
1981 1979 499
499 1980 1982
1982 1980 1975
1982 1975 127
1975 1980 497
127 1976 1983
1983 1976 1984
1983 1984 500
1984 1976 498
500 1984 1985
1985 1984 1986
1985 1986 472
1986 1984 498
500 1985 1987
1987 1985 1859
1987 1859 33
1859 1985 472
472 1986 1855
1855 1986 1977
1855 1977 122
1977 1986 498
23 1981 1988
1988 1981 1989
1988 1989 501
1989 1981 499
501 1989 1990
1990 1989 1991
1990 1991 502
1991 1989 499
501 1990 1992
1992 1990 1993
1992 1993 128
1993 1990 502
502 1991 1994
1994 1991 1982
1994 1982 127
1982 1991 499
128 1993 1995
1995 1993 1996
1995 1996 503
1996 1993 502
503 1996 1997
1997 1996 1998
1997 1998 504
1998 1996 502
503 1997 1999
1999 1997 2000
1999 2000 129
2000 1997 504
504 1998 2001
2001 1998 1994
2001 1994 127
1994 1998 502
128 1995 2002
2002 1995 2003
2002 2003 505
2003 1995 503
505 2003 2004
2004 2003 2005
2004 2005 506
2005 2003 503
505 2004 2006
2006 2004 2007
2006 2007 17
2007 2004 506
506 2005 2008
2008 2005 1999
2008 1999 129
1999 2005 503
129 2000 2009
2009 2000 2010
2009 2010 507
2010 2000 504
507 2010 2011
2011 2010 2012
2011 2012 500
2012 2010 504
507 2011 2013
2013 2011 1987
2013 1987 33
1987 2011 500
500 2012 1983
1983 2012 2001
1983 2001 127
2001 2012 504
23 1988 1191
1191 1988 2014
1191 2014 306
2014 1988 501
306 2014 2015
2015 2014 2016
2015 2016 508
2016 2014 501
306 2015 1187
1187 2015 2017
1187 2017 81
2017 2015 508
508 2016 2018
2018 2016 1992
2018 1992 128
1992 2016 501
81 2017 2019
2019 2017 2020
2019 2020 509
2020 2017 508
509 2020 2021
2021 2020 2022
2021 2022 510
2022 2020 508
509 2021 2023
2023 2021 2024
2023 2024 61
2024 2021 510
510 2022 2025
2025 2022 2018
2025 2018 128
2018 2022 508
81 2019 1186
1186 2019 2026
1186 2026 305
2026 2019 509
305 2026 2027
2027 2026 2028
2027 2028 230
2028 2026 509
305 2027 1185
1185 2027 892
1185 892 2
892 2027 230
230 2028 888
888 2028 2023
888 2023 61
2023 2028 509
61 2024 878
878 2024 2029
878 2029 226
2029 2024 510
226 2029 2030
2030 2029 2031
2030 2031 505
2031 2029 510
226 2030 874
874 2030 2006
874 2006 17
2006 2030 505
505 2031 2002
2002 2031 2025
2002 2025 128
2025 2031 510
17 2007 840
840 2007 2032
840 2032 216
2032 2007 506
216 2032 2033
2033 2032 2034
2033 2034 511
2034 2032 506
216 2033 836
836 2033 2035
836 2035 57
2035 2033 511
511 2034 2036
2036 2034 2008
2036 2008 129
2008 2034 506
57 2035 2037
2037 2035 2038
2037 2038 512
2038 2035 511
512 2038 2039
2039 2038 2040
2039 2040 513
2040 2038 511
512 2039 2041
2041 2039 2042
2041 2042 123
2042 2039 513
513 2040 2043
2043 2040 2036
2043 2036 129
2036 2040 511
57 2037 826
826 2037 2044
826 2044 212
2044 2037 512
212 2044 2045
2045 2044 2046
2045 2046 477
2046 2044 512
212 2045 822
822 2045 1878
822 1878 5
1878 2045 477
477 2046 1874
1874 2046 2041
1874 2041 123
2041 2046 512
123 2042 1864
1864 2042 2047
1864 2047 473
2047 2042 513
473 2047 2048
2048 2047 2049
2048 2049 507
2049 2047 513
473 2048 1860
1860 2048 2013
1860 2013 33
2013 2048 507
507 2049 2009
2009 2049 2043
2009 2043 129
2043 2049 513
